4020001;
02237;2
04216;1
2003724;2
2003738;1
2003740;1
2003741;4
2003743;1
2007918;1
2046643;1
2046819;4
2046820;2
2046821;2
2046822;2
2047621;1
2047866;1
2047930;1
2048261;1
2048294;2
2300082;1
2300142;1
2300166;1
3002924;2
3002927;1
3002932;4
3003557;1
3010001;1
MONTCPRP0020;2
2034870;1
2002716;1
2003687;3
2003739;1
;
4020002;
02237;2
04216;1
2003738;1
2003740;1
2003741;4
2003743;1
2007918;1
2023731;2
2039738;2
2046643;1
2046819;2
2046820;4
2046821;2
2046822;2
2047621;1
2047866;1
2047931;1
2048261;1
2048294;2
2300082;1
2300142;1
2300166;1
3002925;2
3002927;1
3002932;4
3003558;1
3010001;1
MONTCPRP0021;2
2034870;1
2002716;1
2003687;3
2003739;1
;
4020003;
02237;2
04216;1
2003738;1
2003741;5
2003743;1
2007919;1
2023731;2
2039738;2
2046643;1
2046819;2
2046820;3
2046821;3
2046822;2
2047621;1
2047866;1
2047932;1
2048261;1
2048294;2
2300082;1
2300142;1
2300166;1
3002925;2
3002927;1
3002932;4
3010001;1
MONTCPRP0022;2
2034870;1
2003740;1
2002716;1
2003687;3
;
4020004;
02237;2
04216;1
2003693;1
2003739;1
2003741;3
2003742;2
2003744;1
2007919;1
2023731;2
2039738;2
2046643;1
2046820;5
2046821;1
2046822;4
2047621;1
2047868;1
2047932;1
2048261;1
2048294;2
2300082;1
2300142;1
2300166;1
3002925;2
3002928;1
3002932;4
3003560;1
3010001;1
MONTCPRP0023;2
2034870;1
2003687;2
2002717;1
2003740;1
;
4020005;
02237;2
04216;1
2002717;1
2003693;1
2003739;1
2003741;3
2003742;2
2003744;1
2007919;1
2039738;2
2046644;1
2046820;5
2046821;1
2046822;4
2047621;1
2047868;1
2047932;1
2048261;1
2048294;2
2300082;1
2300142;1
2300166;1
3002925;2
3002928;1
3002932;4
3003561;1
3010001;1
MONTCPRP0001;1
MONTCPRP0024;1
2034870;1
2003687;2
2023731;2
2003740;1
;
4020006;
02237;2
04216;1
2002717;1
2003693;1
2003739;1
2003741;1
2003742;5
2003744;1
2007920;1
2039738;2
2046644;1
2046820;4
2046821;1
2046822;3
2046823;2
2047621;1
2047869;1
2047933;1
2048261;1
2048294;2
2300082;1
2300142;1
2300166;1
3002926;2
3002928;1
3002932;4
3003562;1
3010001;1
MONTCPRP0002;1
MONTCPRP0025;1
2034870;1
2003688;2
2023731;2
;
4020007;
02237;2
04216;1
11929;2
2003694;1
2003741;2
2003742;3
2003743;2
2003745;1
2007920;1
2022750;2
2046645;1
2046821;5
2046822;1
2046823;5
2047621;1
2047871;1
2047934;1
2048261;1
2048294;2
2300082;1
2300142;1
2300166;1
3002926;2
3002929;1
3002932;4
3003563;1
3010001;1
MONTCPRP0003;1
MONTCPRP0026;1
2034870;1
2003688;2
2049180;1
;
4020008;
02237;2
04216;1
11929;2
2003694;1
2003741;2
2003742;2
2003743;3
2003745;1
2007921;1
2022750;2
2046645;1
2046821;5
2046823;4
2046824;2
2047621;1
2047871;1
2047935;1
2048261;1
2048294;2
2300142;1
2300166;1
3002926;2
3002929;1
3002932;4
3003564;1
3010001;1
MONTCPRP0004;1
MONTCPRP0027;1
2034870;1
2003688;2
2300082;1
2049180;1
;
4020009;
02237;2
04216;1
2002211;2
2003694;1
2003728;2
2003741;1
2003742;1
2003743;5
2003746;1
2007921;1
2046646;1
2046821;2
2046822;3
2046823;3
2046824;2
2047621;1
2047873;1
2048261;1
2048294;2
2300082;1
2300142;1
2300166;1
3002927;2
3002930;1
3002932;4
3003565;1
3010001;1
MONTCPRP0005;1
MONTCPRP0028;1
2034870;1
2047936;1
2003689;2
2022569;2
2049180;1
;
4020010;
02237;2
04216;1
2002211;2
2003695;1
2003728;2
2003741;1
2003742;1
2003743;3
2003744;2
2003746;1
2007921;1
2034871;1
2046821;2
2046822;3
2046823;1
2046824;5
2047214;1
2047621;1
2047873;1
2048261;1
2048294;2
2300082;1
2300142;1
2300166;1
3002927;2
3002930;1
3002932;4
3003566;1
3010001;1
MONTCPRP0006;1
MONTCPRP0029;1
2047936;1
2022569;2
2003689;2
2049180;1
;
4020011;
02237;3
04216;1
2003694;1
2003741;5
2003742;1
2003743;2
2003744;1
2007920;1
2023731;3
2039738;3
2046644;1
2046820;3
2046821;3
2046822;1
2046823;5
2047621;1
2047879;1
2047938;1
2048115;1
2048261;1
2048294;2
2300143;1
2300167;1
3002925;3
3002928;1
3002932;6
3003567;1
3010001;1
MONTCPRP0023;3
2034870;1
2003687;3
2049180;1
;
4020012;
02237;3
04216;1
2003694;1
2003741;5
2003742;1
2003743;2
2003744;1
2007920;1
2039738;3
2046645;1
2046820;3
2046821;3
2046822;1
2046823;6
2047621;1
2047879;1
2047938;1
2048115;1
2048261;1
2048294;2
2300143;1
2300167;1
3002925;3
3002928;1
3002932;6
3003568;1
3010001;1
MONTCPRP0001;1
MONTCPRP0024;2
2034870;1
2003687;3
2023731;3
2049180;1
;
4020013;
02237;3
04216;1
2003694;1
2003741;2
2003742;3
2003743;3
2003744;1
2007921;1
2039738;3
2046645;1
2046820;3
2046821;3
2046823;4
2046824;3
2047621;1
2047880;1
2047939;1
2048115;1
2048261;1
2048294;2
2300143;1
2300167;1
3002926;3
3002928;1
3002932;6
3003569;1
3010001;1
MONTCPRP0002;1
MONTCPRP0025;2
2034870;1
2003688;3
2023731;3
2049180;1
;
4020014;
02237;3
04216;1
11929;3
2003694;1
2003741;1
2003742;4
2003743;3
2003746;1
2007921;1
2022750;3
2046646;1
2046821;5
2046822;1
2046823;3
2046824;3
2047621;1
2047883;1
2047940;1
2048115;1
2048261;1
2048294;2
2300143;1
2300167;1
3002926;3
3002930;1
3002932;6
3003570;1
3010001;1
MONTCPRP0003;1
MONTCPRP0026;2
2034870;1
2003688;3
2049180;1
;
4020015;
02237;3
04216;1
11929;3
2003695;1
2003741;1
2003742;4
2003743;1
2003744;2
2003746;1
2007921;1
2022750;3
2046646;1
2046821;5
2046822;1
2046823;1
2046824;5
2047621;1
2047883;1
2047940;1
2048115;1
2048261;1
2048294;2
2300143;1
2300167;1
3002926;3
3002930;1
3002932;6
3003571;1
3010001;1
MONTCPRP0004;1
MONTCPRP0027;2
2034870;1
2003688;3
2049180;1
;
4020016;
02237;3
04216;1
2002211;3
2003698;1
2003742;2
2003743;3
2003744;1
2003745;2
2003746;1
2007922;1
2034871;1
2046822;6
2046824;1
2046825;6
2047214;1
2047621;1
2047884;1
2048115;1
2048261;1
2048294;2
2300143;1
2300167;1
3002927;3
3002930;1
3002932;6
3003572;1
3010001;1
MONTCPRP0005;1
MONTCPRP0028;2
2003689;3
2047941;1
2022569;3
2003728;3
2049180;1
;
4020017;
02237;3
04216;1
2002211;3
2003698;1
2003742;1
2003743;4
2003745;2
2003747;1
2007922;1
2034871;1
2046647;1
2046822;5
2046823;1
2046824;1
2046825;5
2047621;1
2047889;1
2048115;1
2048261;1
2048294;2
2300143;1
2300167;1
3002927;3
3002931;1
3002932;6
3003573;1
3010001;1
MONTCPRP0006;1
MONTCPRP0029;2
2003689;3
2003728;3
2047941;1
2022569;3
2049180;1
2003744;1
;
4020018;
02237;3
04216;1
2002211;3
2003698;1
2003742;1
2003743;4
2003745;3
2003747;1
2007923;1
2034872;1
2042060;3
2046647;1
2046822;5
2046823;1
2046825;3
2047621;1
2047889;1
2048115;1
2048261;1
2048294;2
2300143;1
2300167;1
3002927;3
3002931;1
3002932;6
3003574;1
3010001;1
MONTCPRP0007;1
MONTCPRP0030;2
2047942;1
2003689;3
2003728;3
2022569;3
2049180;1
;
4020019;
02237;3
04216;1
2002211;3
2003697;2
2003743;2
2003744;3
2003745;1
2003746;4
2007923;1
2034872;1
2042060;3
2046648;1
2046822;3
2046823;3
2046825;1
2046826;3
2047621;1
2047885;1
2048115;1
2048261;1
2048294;2
2300143;1
2300167;1
3002928;3
3002930;2
3002932;6
3003575;1
3010001;1
MONTCPRP0008;1
MONTCPRP0031;2
2003728;3
2003690;3
2047942;1
2022569;3
2049180;1
;
4020020;
02237;3
04216;1
2002211;3
2003743;2
2003744;3
2003745;1
2003746;4
2007923;1
2034872;1
2042060;3
2046648;1
2046822;3
2046823;3
2046825;1
2046826;3
2047621;1
2047885;1
2048115;1
2048261;1
2048294;2
2300143;1
2300167;1
3002928;3
3002930;2
3002932;6
3003576;1
3010001;1
MONTCPRP0009;1
MONTCPRP0032;2
2003728;3
2022569;3
2003690;3
2047942;1
2003697;2
2049180;1
;
4020021;
02237;3
04216;1
2002211;3
2003691;3
2003743;1
2003744;1
2003745;3
2003746;5
2007924;1
2034872;1
2041434;3
2046648;1
2046822;3
2046823;2
2046824;1
2046826;4
2047621;2
2047887;1
2048115;1
2048261;1
2048294;2
2300143;1
2300167;1
3002929;3
3002930;2
3002932;3
3003577;1
3010001;1
MONTCPRP0010;1
MONTCPRP0033;2
2047943;1
2022569;3
2003728;3
2003697;2
2049180;1
;
4020022;
02237;3
04216;1
2002211;3
2003691;3
2003700;2
2003744;2
2003745;3
2003746;1
2003747;4
2007924;1
2034872;1
2041434;4
2046648;1
2046822;3
2046824;3
2046826;1
2046827;2
2047621;2
2047892;1
2048115;1
2048261;1
2048294;2
2300143;1
2300167;1
3002929;3
3002931;2
3002932;3
3003578;1
3010001;1
MONTCPRP0011;1
MONTCPRP0034;2
2047943;1
2022569;3
2003728;3
2049180;1
;
4020023;
02237;4
04216;1
2002211;4
2003744;5
2003746;3
2003747;2
2007924;1
2034872;1
2041434;4
2046647;2
2046822;4
2046823;2
2046824;1
2046826;4
2047621;2
2047896;1
2047950;1
2048261;2
2048294;2
2300049;1
2300144;1
2300168;1
3002928;4
3002931;2
3002932;4
3003579;1
3010001;1
MONTCPRP0008;1
MONTCPRP0031;3
2003690;4
2003728;4
2022569;4
2003743;1
2003697;2
2049180;1
;
4020024;
02237;4
04216;1
2002211;4
2003700;2
2003744;6
2003746;1
2003747;4
2007924;1
2034872;1
2041434;5
2046647;2
2046822;4
2046824;3
2046826;1
2046827;2
2047621;2
2047896;1
2047950;1
2048261;2
2048294;2
2300049;1
2300144;1
2300168;1
3002928;4
3002931;2
3002932;4
3003580;1
3010001;1
MONTCPRP0009;1
MONTCPRP0032;3
2003728;4
2003690;4
2022569;4
2049180;1
;
4020025;
02237;4
04216;1
2002211;4
2003691;4
2003700;2
2003744;2
2003745;4
2003746;1
2003747;4
2007924;1
2034872;1
2041434;5
2046647;2
2046822;4
2046824;3
2046826;1
2046827;2
2047621;2
2047897;1
2047950;1
2048261;2
2048294;2
2300049;1
2300144;1
2300168;1
3002929;4
3002931;2
3002932;4
3003581;1
3010001;1
MONTCPRP0010;1
MONTCPRP0033;3
2003728;4
2022569;4
2049180;1
;
4020026;
02237;2
04216;1
2003738;1
2003740;3
2003741;2
2003743;1
2007918;1
2023731;2
2039738;2
2046642;1
2046819;2
2046820;6
2046822;2
2047621;1
2047866;1
2047931;1
2048261;1
2048294;2
2300082;1
2300142;1
2300166;1
3002925;2
3002927;1
3002932;4
3003582;1
3010001;1
MONTCPRP0022;2
2034870;1
2003739;1
2002716;1
2003687;3
;
4020027;
02237;2
04216;1
2003738;1
2003740;3
2003741;2
2003744;1
2007918;1
2023731;2
2039738;2
2046642;1
2046819;2
2046820;6
2046822;2
2047621;1
2047868;1
2047931;1
2048261;1
2048294;2
2300082;1
2300142;1
2300166;1
3002925;2
3002928;1
3002932;4
3003583;1
3010001;1
MONTCPRP0023;2
2034870;1
2003739;1
2002716;1
2003687;3
;
4020028;
02237;2
04216;1
2003738;1
2003740;3
2003741;2
2003744;1
2007918;1
2039738;2
2046643;1
2046819;2
2046820;6
2046822;2
2047621;1
2047868;1
2047931;1
2048261;1
2048294;2
2300082;1
2300142;1
2300166;1
3002925;2
3002928;1
3002932;4
3003584;1
3010001;1
MONTCPRP0001;1
MONTCPRP0024;1
2034870;1
2023731;2
2003739;1
2002716;1
2003687;3
;
4020029;
02237;2
04216;1
2003692;1
2003738;1
2003741;3
2003742;2
2003744;1
2007919;1
2039738;2
2046643;1
2046819;2
2046820;3
2046821;3
2046822;2
2047621;1
2047869;1
2047932;1
2048261;1
2048294;2
2300082;1
2300142;1
2300166;1
3002926;2
3002928;1
3002932;4
3003585;1
3010001;1
MONTCPRP0002;1
MONTCPRP0025;1
2034870;1
2003688;2
2023731;2
2002716;1
2003740;1
;
4020030;
02237;2
04216;1
11929;2
2003692;1
2003738;1
2003741;2
2003742;3
2003745;1
2007920;1
2022750;2
2046643;1
2046819;2
2046820;1
2046821;4
2046822;1
2046823;2
2047621;1
2047871;1
2047934;1
2048261;1
2048294;2
2300082;1
2300142;1
2300166;1
3002926;2
3002929;1
3002932;4
3003586;1
3010001;1
MONTCPRP0003;1
MONTCPRP0026;1
2034870;1
2003688;2
2002716;1
2003740;1
;
4020031;
02237;2
04216;1
11929;2
2003693;1
2003740;2
2003742;5
2003745;1
2007920;1
2022750;2
2046644;1
2046820;3
2046821;2
2046822;3
2046823;2
2047621;1
2047871;1
2047934;1
2048261;1
2048294;2
2300142;1
2300166;1
3002926;2
3002929;1
3002932;4
3003587;1
3010001;1
MONTCPRP0004;1
MONTCPRP0027;1
2034870;1
2300082;1
2003688;2
2002717;1
;
4020032;
02237;2
04216;1
2002211;2
2002717;1
2003693;1
2003728;2
2003740;1
2003741;1
2003742;2
2003743;3
2003746;1
2007921;1
2046645;1
2046820;2
2046821;1
2046822;5
2046823;1
2046824;2
2047621;1
2047873;1
2048261;1
2048294;2
2300082;1
2300142;1
2300166;1
3002927;2
3002930;1
3002932;4
3003588;1
3010001;1
MONTCPRP0005;1
MONTCPRP0028;1
2034870;1
2047936;1
2003689;2
2022569;2
;
4020033;
02237;2
04216;1
2002211;2
2003694;1
2003728;2
2003741;2
2003743;5
2003746;1
2007921;1
2034871;1
2046645;1
2046821;3
2046822;2
2046823;4
2046824;2
2047621;1
2047873;1
2048261;1
2048294;2
2300082;1
2300142;1
2300166;1
3002927;2
3002930;1
3002932;4
3003589;1
3010001;1
MONTCPRP0006;1
MONTCPRP0029;1
2047936;1
2003689;2
2022569;2
2049180;1
;
4020034;
02237;2
04216;1
2002211;2
2003694;1
2003728;2
2003741;1
2003742;1
2003743;5
2003746;1
2007921;1
2034871;1
2046645;1
2046821;2
2046822;3
2046823;4
2046824;2
2047621;1
2047873;1
2048261;1
2048294;2
2300082;1
2300142;1
2300166;1
3002927;2
3002930;1
3002932;4
3003590;1
3010001;1
MONTCPRP0007;1
MONTCPRP0030;1
2003689;2
2047936;1
2022569;2
2049180;1
;
4020035;
02237;2
04216;1
2002211;2
2003694;1
2003728;2
2003741;1
2003742;1
2003743;2
2003747;1
2007922;1
2034871;1
2046646;1
2046821;2
2046822;3
2046823;2
2046824;1
2046825;2
2047621;1
2047875;1
2048261;1
2048294;2
2300082;1
2300142;1
2300166;1
3002928;2
3002931;1
3002932;4
3003591;1
3010001;1
MONTCPRP0008;1
MONTCPRP0031;1
2047937;1
2022569;2
2003690;2
2049180;1
2003744;3
;
4020036;
02237;2
04216;1
2002211;2
2003695;1
2003728;2
2003741;1
2003742;1
2003744;5
2003747;1
2007922;1
2034871;1
2046821;2
2046822;3
2046824;4
2046825;2
2047214;1
2047621;1
2047875;1
2048261;1
2048294;2
2300082;1
2300142;1
2300166;1
3002928;2
3002931;1
3002932;4
3003592;1
3010001;1
MONTCPRP0009;1
MONTCPRP0032;1
2047937;1
2003690;2
2022569;2
2049180;1
;
4020037;
02237;3
04216;1
2002717;1
2003693;1
2003740;2
2003742;6
2003744;1
2007920;1
2039738;3
2046644;1
2046820;6
2046822;3
2046823;3
2047621;1
2047880;1
2047938;1
2048115;1
2048261;1
2048294;2
2300143;1
2300167;1
3002926;3
3002928;1
3002932;6
3003593;1
3010001;1
MONTCPRP0002;1
MONTCPRP0025;2
2034870;1
2003688;3
2023731;3
;
4020038;
02237;3
04216;1
11929;3
2002717;1
2003693;1
2003740;1
2003741;1
2003742;6
2003745;1
2007920;1
2022750;3
2046644;1
2046820;2
2046821;4
2046822;3
2046823;3
2047621;1
2047881;1
2047944;1
2048115;1
2048261;1
2048294;2
2300143;1
2300167;1
3002926;3
3002929;1
3002932;6
3003594;1
3010001;1
MONTCPRP0003;1
MONTCPRP0026;2
2034870;1
2003688;3
;
4020039;
02237;3
04216;1
11929;3
2003694;1
2003741;2
2003742;3
2003743;3
2003745;1
2007921;1
2022750;3
2046645;1
2046821;6
2046823;4
2046824;3
2047621;1
2047881;1
2047940;1
2048115;1
2048261;1
2048294;2
2300143;1
2300167;1
3002926;3
3002929;1
3002932;6
3003595;1
3010001;1
MONTCPRP0004;1
MONTCPRP0027;2
2034870;1
2003688;3
2049180;1
;
4020040;
02237;3
04216;1
2002211;3
2003694;1
2003741;1
2003742;1
2003743;5
2003744;1
2003746;1
2007922;1
2034871;1
2046646;1
2046821;2
2046822;4
2046823;2
2046824;1
2046825;3
2047621;1
2047884;1
2048115;1
2048261;1
2048294;2
2300143;1
2300167;1
3002927;3
3002930;1
3002932;6
3003596;1
3010001;1
MONTCPRP0005;1
MONTCPRP0028;2
2003728;3
2047941;1
2003689;3
2022569;3
2049180;1
;
4020041;
02237;3
04216;1
2002211;3
2003694;1
2003741;1
2003742;1
2003743;5
2003747;1
2007922;1
2034871;1
2046646;1
2046821;2
2046822;4
2046823;2
2046824;1
2046825;3
2047621;1
2047889;1
2048115;1
2048261;1
2048294;2
2300143;1
2300167;1
3002927;3
3002931;1
3002932;6
3003597;1
3010001;1
MONTCPRP0006;1
MONTCPRP0029;2
2003689;3
2022569;3
2047941;1
2003728;3
2049180;1
2003744;1
;
4020042;
02237;3
04216;1
2002211;3
2003695;1
2003741;1
2003742;1
2003743;3
2003744;3
2003747;1
2007922;1
2034871;1
2046821;2
2046822;4
2046824;4
2046825;3
2047214;1
2047621;1
2047889;1
2048115;1
2048261;1
2048294;2
2300143;1
2300167;1
3002927;3
3002931;1
3002932;6
3003598;1
3010001;1
MONTCPRP0007;1
MONTCPRP0030;2
2003728;3
2022569;3
2047941;1
2003689;3
2049180;1
;
4020043;
02237;3
04216;1
2002211;3
2003695;1
2003741;1
2003742;1
2003744;6
2003746;2
2007922;1
2034871;1
2046821;2
2046822;4
2046824;4
2046825;3
2047214;1
2047621;1
2047885;1
2048115;1
2048261;1
2048294;2
2300143;1
2300167;1
3002928;3
3002930;2
3002932;6
3003599;1
3010001;1
MONTCPRP0008;1
MONTCPRP0031;2
2022569;3
2003728;3
2003690;3
2047941;1
2049180;1
;
4020044;
02237;3
04216;1
2002211;3
2003698;1
2003742;1
2003743;1
2003744;3
2003745;3
2003746;2
2007923;1
2034872;1
2046647;1
2046822;5
2046823;1
2046825;3
2047621;1
2047885;1
2048115;1
2048261;1
2048294;2
2300143;1
2300167;1
3002928;3
3002930;2
3002932;6
3003600;1
3010001;1
MONTCPRP0009;1
MONTCPRP0032;2
2042060;3
2003690;3
2047942;1
2022569;3
2003728;3
2049180;1
;
4020045;
02237;3
04216;1
2002211;3
2003691;3
2003698;1
2003743;1
2003745;6
2003746;2
2007923;1
2034872;1
2042060;3
2046647;1
2046822;5
2046823;1
2046825;3
2047621;2
2047887;1
2048115;1
2048261;1
2048294;2
2300143;1
2300167;1
3002929;3
3002930;2
3002932;3
3003601;1
3010001;1
MONTCPRP0010;1
MONTCPRP0033;2
2022569;3
2003728;3
2047942;1
2003742;1
2049180;1
;
4020046;
02237;3
04216;1
2002211;3
2003691;3
2003698;1
2003742;1
2003743;1
2003745;6
2003746;2
2007923;1
2034872;1
2046648;1
2046822;5
2046823;1
2046825;4
2047621;2
2047887;1
2048115;1
2048261;1
2048294;2
2300143;1
2300167;1
3002929;3
3002930;2
3002932;3
3003602;1
3010001;1
MONTCPRP0011;1
MONTCPRP0034;2
2042060;3
2047942;1
2003728;3
2022569;3
2049180;1
;
4020047;
02237;3
04216;1
2002212;3
2003691;3
2003743;2
2003745;3
2003746;3
2003747;2
2007924;1
2020347;1
2022570;3
2041434;3
2046648;1
2046823;6
2046826;4
2047621;2
2047945;1
2048115;1
2048261;1
2048294;2
22994;3
2300143;1
2300167;1
3002929;3
3002931;2
3002932;3
3003603;1
3010001;1
MONTCPRP0012;1
MONTCPRP0035;2
2047892;1
2003697;2
2049180;1
;
4020048;
02237;3
04216;1
2002213;3
2003691;3
2003730;3
2003743;1
2003744;1
2003745;3
2003746;3
2003747;2
2007924;1
2020347;1
2041434;3
2046648;1
2046823;2
2046824;4
2046826;4
2047621;2
2048115;1
2048261;1
2048294;2
2300143;1
2300167;1
3002929;3
3002931;2
3002932;3
3003604;1
3010001;1
MONTCPRP0013;1
MONTCPRP0036;2
2034496;3
2047946;1
2047892;1
2003697;2
2049180;1
;
4020049;
02237;4
04216;1
2002211;4
2003691;4
2003698;1
2003742;1
2003743;1
2003745;6
2003746;1
2003747;2
2007924;1
2020347;1
2046648;1
2046822;6
2046823;1
2046825;3
2047621;2
2047897;1
2047950;1
2048261;1
2048294;2
2300049;1
2300144;1
2300168;1
3002929;4
3002931;2
3002932;4
3003605;1
3010001;1
MONTCPRP0010;1
MONTCPRP0033;3
2041434;4
2003728;4
2022569;4
2049180;1
2046826;1
;
4020050;
02237;4
04216;1
2002211;4
2003691;4
2003744;1
2003745;4
2003746;3
2003747;2
2007924;1
2020347;1
2046647;2
2046822;4
2046823;2
2046824;1
2046826;4
2047621;2
2047897;1
2047950;1
2048261;2
2048294;2
2300049;1
2300144;1
2300168;1
3002929;4
3002931;2
3002932;4
3003606;1
3010001;1
MONTCPRP0011;1
MONTCPRP0034;3
2041434;4
2022569;4
2003728;4
2003743;1
2003697;2
2049180;1
;
4020051;
02237;4
04216;1
2002212;4
2003691;4
2003744;1
2003745;4
2003746;3
2003747;2
2007924;1
2020347;1
2022570;4
2041434;4
2046647;2
2046823;6
2046824;1
2046826;4
2047621;2
2047897;1
2047951;1
2048261;2
2048294;2
22994;4
2300049;1
2300144;1
2300168;1
3002929;4
3002931;2
3002932;4
3003607;1
3010001;1
MONTCPRP0012;1
MONTCPRP0035;3
2003743;1
2003697;2
2049180;1
;
4020052;
02237;4
04216;1
2002213;4
2003691;4
2003697;2
2003730;4
2003745;5
2003746;3
2003747;2
2007924;1
2020347;1
2041434;4
2046647;2
2046823;2
2046824;4
2046825;1
2046826;4
2047621;2
2047897;1
2047952;1
2048261;2
2048294;2
2300049;1
2300144;1
2300168;1
3002929;4
3002931;2
3002932;4
3003608;1
3010001;1
MONTCPRP0013;1
MONTCPRP0036;3
2034496;4
2003743;1
2049180;1
;
4020053;
02237;2
04216;1
2003738;2
2003740;1
2003741;5
2007918;1
2023731;2
2039738;2
2046642;1
2046819;3
2046820;3
2046821;2
2046822;2
2047621;1
2047866;1
2047931;1
2048261;1
2048294;2
2300082;1
2300142;1
2300166;1
3002925;3
3002932;4
3003609;1
3010001;1
MONTCPRP0021;2
2034870;1
2002716;1
2003687;3
;
4020054;
02237;2
04216;1
2003738;2
2003740;1
2003741;4
2007918;1
2023731;2
2039738;2
2046642;1
2046819;3
2046820;3
2046821;2
2046822;2
2047621;1
2047866;1
2047931;1
2048261;1
2048294;2
2300082;1
2300142;1
2300166;1
3002925;2
3002926;1
3002932;4
3003610;1
3010001;1
MONTCPRP0022;2
2034870;1
2003742;1
2002716;1
2003687;3
;
4020055;
02237;2
04216;1
2003738;2
2003740;1
2003741;4
2003742;1
2007918;1
2023731;2
2039738;2
2046642;1
2046819;3
2046820;3
2046821;2
2046822;2
2047621;1
2047866;1
2047931;1
2048261;1
2048294;2
2300082;1
2300142;1
2300166;1
3002925;2
3002926;1
3002932;4
3003611;1
3010001;1
MONTCPRP0023;2
2034870;1
2002716;1
2003687;3
;
4020056;
02237;2
04216;1
2003693;1
2003738;1
2003739;1
2003741;3
2003742;3
2007919;1
2039738;2
2046642;1
2046819;1
2046820;4
2046821;1
2046822;4
2047621;1
2047866;1
2047932;1
2048261;1
2048294;2
2300082;1
2300142;1
2300166;1
3002925;2
3002926;1
3002932;4
3003612;1
3010001;1
MONTCPRP0001;1
MONTCPRP0024;1
2034870;1
2023731;2
2003687;2
2002717;1
;
4020057;
02237;2
04216;1
2002717;1
2003693;1
2003739;2
2003741;1
2003742;4
2003743;1
2007919;1
2039738;2
2046642;1
2046820;5
2046821;1
2046822;4
2047621;1
2047869;1
2047932;1
2048261;1
2048294;2
2300082;1
2300142;1
2300166;1
3002926;2
3002927;1
3002932;4
3003613;1
3010001;1
MONTCPRP0002;1
MONTCPRP0025;1
2034870;1
2003688;2
2023731;2
;
4020058;
02237;2
04216;1
11929;2
2003694;1
2003741;1
2003742;3
2003743;3
2007920;1
2022750;2
2046642;1
2046820;1
2046821;4
2046822;1
2046823;4
2047621;1
2047869;1
2047934;1
2048261;1
2048294;2
2300082;1
2300142;1
2300166;1
3002926;2
3002927;1
3002932;4
3003614;1
3010001;1
MONTCPRP0003;1
MONTCPRP0026;1
2034870;1
2003688;2
2003739;1
2049180;1
;
4020059;
02237;2
04216;1
11929;2
2003741;1
2003742;3
2003743;3
2007920;1
2022750;2
2046642;1
2046820;1
2046821;4
2046823;4
2047621;1
2047871;1
2047934;1
2048261;1
2048294;2
2300082;1
2300142;1
2300166;1
3002926;2
3002927;1
3002932;4
3003615;1
3010001;1
MONTCPRP0004;1
MONTCPRP0027;1
2034870;1
2003688;2
2003694;1
2003740;1
2049180;1
2046822;1
;
4020060;
02237;2
04216;1
2002211;2
2003694;1
2003728;2
2003741;1
2003743;5
2003744;1
2007921;1
2046643;1
2046820;1
2046821;2
2046822;2
2046823;3
2046824;2
2047621;1
2047870;1
2048261;1
2048294;2
2300082;1
2300142;1
2300166;1
3002927;2
3002928;1
3002932;4
3003616;1
3010001;1
MONTCPRP0005;1
MONTCPRP0028;1
2034870;1
2047936;1
2022569;2
2003689;2
2003740;1
2049180;1
;
4020061;
02237;2
04216;1
2002211;2
2003694;1
2003728;2
2003741;1
2003743;5
2003744;1
2007921;1
2034871;1
2046643;1
2046820;1
2046821;2
2046822;2
2046823;3
2046824;2
2047621;1
2047870;1
2048261;1
2048294;2
2300082;1
2300142;1
2300166;1
3002927;2
3002928;1
3002932;4
3003617;1
3010001;1
MONTCPRP0006;1
MONTCPRP0029;1
2047936;1
2022569;2
2003689;2
2003740;1
2049180;1
;
4020062;
02237;2
04216;1
2002211;2
2003695;1
2003728;2
2003741;2
2003743;3
2003744;2
2007921;1
2034871;1
2046644;1
2046821;3
2046822;2
2046823;1
2046824;4
2047621;1
2047873;1
2048261;1
2048294;2
2300082;1
2300142;1
2300166;1
3002927;2
3002929;1
3002932;4
3003618;1
3010001;1
MONTCPRP0007;1
MONTCPRP0030;1
2047936;1
2003689;2
2022569;2
2003745;1
2049180;1
;
4020063;
02237;3
04216;1
2003694;1
2003741;4
2003742;1
2003743;3
2007920;1
2039738;3
2046642;1
2046820;4
2046821;2
2046822;1
2046823;5
2047621;1
2047879;1
2047938;1
2048115;1
2048261;1
2048294;2
2300143;1
2300167;1
3002925;3
3002927;1
3002932;6
3003619;1
3010001;1
MONTCPRP0001;1
MONTCPRP0024;2
2034870;1
2003687;3
2023731;3
2049180;1
2003739;1
;
4020064;
02237;3
04216;1
2003694;1
2003741;1
2003742;4
2003743;3
2007920;1
2039738;3
2046642;1
2046820;4
2046821;2
2046822;1
2046823;5
2047621;1
2047881;1
2047938;1
2048115;1
2048261;1
2048294;2
2300143;1
2300167;1
3002926;3
3002927;1
3002932;6
3003620;1
3010001;1
MONTCPRP0002;1
MONTCPRP0025;2
2034870;1
2003688;3
2023731;3
2003740;1
2049180;1
;
4020065;
02237;3
04216;1
11929;3
2003694;1
2003741;1
2003742;3
2003743;3
2003744;1
2007921;1
2022750;3
2046643;1
2046820;1
2046821;5
2046823;3
2046824;3
2047621;1
2047880;1
2047940;1
2048115;1
2048261;1
2048294;2
2300143;1
2300167;1
3002926;3
3002928;1
3002932;6
3003621;1
3010001;1
MONTCPRP0003;1
MONTCPRP0026;2
2034870;1
2003688;3
2003740;1
2049180;1
;
4020066;
02237;3
04216;1
11929;3
2003694;1
2003741;2
2003742;3
2003743;3
2003744;1
2007921;1
2022750;3
2046643;1
2046821;6
2046823;3
2046824;3
2047621;1
2047883;1
2047940;1
2048115;1
2048261;1
2048294;2
2300143;1
2300167;1
3002926;3
3002928;1
3002932;6
3003622;1
3010001;1
MONTCPRP0004;1
MONTCPRP0027;2
2034870;1
2003688;3
2049180;1
;
4020067;
02237;3
04216;1
2002211;3
2003695;1
2003741;2
2003743;4
2003744;2
2003745;1
2007921;1
2034871;1
2046644;1
2046821;3
2046822;3
2046823;1
2046824;5
2047621;1
2047884;1
2048115;1
2048261;1
2048294;2
2300143;1
2300167;1
3002927;3
3002929;1
3002932;6
3003623;1
3010001;1
MONTCPRP0005;1
MONTCPRP0028;2
2022569;3
2047947;1
2003728;3
2003689;3
2049180;1
;
4020068;
02237;3
04216;1
2002211;3
2003698;1
2003741;1
2003742;1
2003743;3
2003744;1
2003745;3
2007922;1
2034871;1
2046644;1
2046821;1
2046822;5
2046824;1
2046825;5
2047621;1
2047884;1
2048115;1
2048261;1
2048294;2
2300143;1
2300167;1
3002927;3
3002929;1
3002932;6
3003624;1
3010001;1
MONTCPRP0006;1
MONTCPRP0029;2
2003728;3
2047941;1
2022569;3
2003689;3
2049180;1
;
4020069;
02237;3
04216;1
2002211;3
2003698;1
2003742;2
2003743;3
2003744;1
2003745;3
2007922;1
2034871;1
2046644;1
2046822;6
2046824;1
2046825;5
2047621;1
2047889;1
2048115;1
2048261;1
2048294;2
2300143;1
2300167;1
3002927;3
3002929;1
3002932;6
3003625;1
3010001;1
MONTCPRP0007;1
MONTCPRP0030;2
2022569;3
2003689;3
2047941;1
2003728;3
2049180;1
;
4020070;
02237;3
04216;1
2002211;3
2003698;1
2003742;2
2003744;3
2003745;4
2007923;1
2034872;1
2042060;3
2046645;1
2046822;6
2046825;4
2047621;1
2047890;1
2048115;1
2048261;1
2048294;2
2300143;1
2300167;1
3002928;3
3002929;1
3002932;6
3003626;1
3010001;1
MONTCPRP0008;1
MONTCPRP0031;2
2003728;3
2047942;1
2003690;3
2022569;3
2049180;1
;
4020071;
02237;3
04216;1
2002211;3
2003742;1
2003743;1
2003744;3
2003745;1
2003746;4
2007923;1
2034872;1
2042060;3
2046645;1
2046822;4
2046823;2
2046825;1
2046826;3
2047621;1
2047891;1
2048115;1
2048261;1
2048294;2
2300143;1
2300167;1
3002928;3
3002930;2
3002932;6
3003627;1
3010001;1
MONTCPRP0009;1
MONTCPRP0032;2
2003728;3
2047942;1
2003690;3
2022569;3
2003697;2
2049180;1
;
4020072;
02237;3
04216;1
2002211;3
2003691;3
2003697;2
2003742;1
2003743;1
2003745;4
2003746;4
2007923;1
2034872;1
2042060;3
2046646;1
2046822;4
2046823;2
2046825;1
2046826;2
2047621;1
2047888;1
2048115;1
2048261;1
2048294;2
2300143;1
2300167;1
3002929;3
3002930;2
3002932;6
3003628;1
3010001;1
MONTCPRP0010;1
MONTCPRP0033;2
2047942;1
2003728;3
2022569;3
2049180;1
;
4020073;
02237;3
04216;1
2002211;3
2003691;3
2003697;2
2003743;2
2003745;4
2003746;4
2007923;1
2034872;1
2042060;3
2046646;1
2046822;3
2046823;3
2046825;1
2046826;2
2047621;2
2047892;1
2048115;1
2048261;1
2048294;2
2300143;1
2300167;1
3002929;3
3002930;2
3002932;3
3003629;1
3010001;1
MONTCPRP0011;1
MONTCPRP0034;2
2047942;1
2022569;3
2003728;3
2049180;1
;
4020074;
02237;4
04216;1
2002211;4
2003742;1
2003743;1
2003744;4
2003745;1
2003746;4
2007923;1
2034872;1
2046645;1
2046822;5
2046823;2
2046825;1
2046826;3
2047621;2
2047894;1
2048261;1
2048294;2
2300049;1
2300144;1
2300168;1
3002928;4
3002930;2
3002932;4
3003630;1
3010001;1
MONTCPRP0008;1
MONTCPRP0031;3
2042060;4
2003728;4
2047953;1
2003690;4
2022569;4
2003697;2
2049180;1
;
4020075;
02237;4
04216;1
2002211;4
2003742;1
2003743;1
2003744;4
2003745;1
2003746;4
2007923;1
2034872;1
2046646;1
2046822;5
2046823;2
2046825;1
2046826;2
2047621;2
2047894;1
2048261;1
2048294;2
2300049;1
2300144;1
2300168;1
3002928;4
3002930;2
3002932;4
3003631;1
3010001;1
MONTCPRP0009;1
MONTCPRP0032;3
2047953;1
2003690;4
2003728;4
2042060;4
2022569;4
2003697;2
2049180;1
;
4020076;
02237;4
04216;1
2002211;4
2003691;4
2003700;2
2003743;1
2003744;1
2003745;4
2003746;1
2003747;4
2007924;1
2020347;1
2041434;5
2046822;4
2046823;1
2046824;2
2046826;1
2046827;2
2047214;1
2047621;2
2047895;1
2047950;1
2048261;1
2048294;2
2300049;1
2300144;1
2300168;1
3002929;4
3002931;2
3002932;4
3003632;1
3010001;1
MONTCPRP0010;1
MONTCPRP0033;3
2003728;4
2022569;4
2049180;1
;
4020077;
02237;4
04216;1
2002211;4
2003691;4
2003700;2
2003743;1
2003744;1
2003745;4
2003746;1
2003747;4
2007924;1
2020347;1
2041434;5
2046822;4
2046823;1
2046824;2
2046827;2
2047214;1
2047621;2
2047897;1
2047950;1
2048261;1
2048294;2
2300049;1
2300144;1
2300168;1
3002929;4
3002931;2
3002932;4
3003633;1
3010001;1
MONTCPRP0011;1
MONTCPRP0034;3
2003728;4
2022569;4
2049180;1
2046826;1
;
4020078;
02237;2
04216;1
2003738;2
2003740;3
2003741;2
2003743;1
2007918;1
2039738;2
2046642;1
2046819;3
2046820;5
2046822;2
2047621;1
2047866;1
2047931;1
2048261;1
2048294;2
2300082;1
2300142;1
2300166;1
3002925;2
3002927;1
3002932;4
3003634;1
3010001;1
MONTCPRP0001;1
MONTCPRP0024;1
2034870;1
2023731;2
2002716;1
2003687;3
;
4020079;
02237;2
04216;1
2003738;2
2003741;3
2003742;2
2003743;1
2007919;1
2039738;2
2046642;1
2046819;3
2046820;2
2046821;3
2046822;2
2047621;1
2047869;1
2047932;1
2048261;1
2048294;2
2300082;1
2300142;1
2300166;1
3002926;2
3002927;1
3002932;4
3003635;1
3010001;1
MONTCPRP0002;1
MONTCPRP0025;1
2034870;1
2003688;2
2023731;2
2002716;1
2003687;1
;
4020080;
02237;2
04216;1
11929;2
2003738;2
2003741;2
2003742;3
2003743;1
2007920;1
2022750;2
2046642;1
2046819;3
2046821;4
2046822;1
2046823;2
2047621;1
2047869;1
2047934;1
2048261;1
2048294;2
2300082;1
2300142;1
2300166;1
3002926;2
3002927;1
3002932;4
3003636;1
3010001;1
MONTCPRP0003;1
MONTCPRP0026;1
2034870;1
2003688;2
2002716;1
2003687;1
;
4020081;
02237;2
04216;1
11929;2
2003693;1
2003740;1
2003742;5
2003743;1
2007920;1
2022750;2
2046642;1
2046820;3
2046821;2
2046822;3
2046823;2
2047621;1
2047871;1
2047934;1
2048261;1
2048294;2
2300082;1
2300142;1
2300166;1
3002926;2
3002927;1
3002932;4
3003637;1
3010001;1
MONTCPRP0004;1
MONTCPRP0027;1
2034870;1
2003688;2
2002717;1
2003739;1
;
4020082;
02237;2
04216;1
2002211;2
2003693;1
2003728;2
2003740;1
2003742;2
2003743;3
2003744;1
2007921;1
2034871;1
2046642;1
2046820;3
2046822;4
2046823;1
2046824;2
2047621;1
2047870;1
2048261;1
2048294;2
2300082;1
2300142;1
2300166;1
3002927;2
3002928;1
3002932;4
3003638;1
3010001;1
MONTCPRP0005;1
MONTCPRP0028;1
2047936;1
2003689;2
2022569;2
2002717;1
2003739;1
;
4020083;
02237;2
04216;1
2002211;2
2003693;1
2003728;2
2003740;1
2003742;2
2003743;3
2003744;1
2007921;1
2034871;1
2046642;1
2046820;3
2046822;4
2046823;1
2046824;2
2047621;1
2047872;1
2048261;1
2048294;2
2300082;1
2300142;1
2300166;1
3002927;2
3002928;1
3002932;4
3003639;1
3010001;1
MONTCPRP0006;1
MONTCPRP0029;1
2047936;1
2003689;2
2022569;2
2002717;1
2003739;1
;
4020084;
02237;2
04216;1
2002211;2
2003694;1
2003728;2
2003741;1
2003743;5
2003744;1
2007921;1
2034871;1
2046643;1
2046820;1
2046821;2
2046822;2
2046823;3
2046824;2
2047621;1
2047873;1
2048261;1
2048294;2
2300082;1
2300142;1
2300166;1
3002927;2
3002928;1
3002932;4
3003640;1
3010001;1
MONTCPRP0007;1
MONTCPRP0030;1
2047936;1
2022569;2
2003689;2
2003740;1
2049180;1
;
4020085;
02237;2
04216;1
2002211;2
2003694;1
2003728;2
2003741;1
2003743;3
2003744;2
2003745;1
2007921;1
2034871;1
2046643;1
2046820;1
2046821;2
2046822;2
2046823;3
2047621;1
2047874;1
2048261;1
2048294;2
2300082;1
2300142;1
2300166;1
3002928;2
3002929;1
3002932;4
3003641;1
3010001;1
MONTCPRP0008;1
MONTCPRP0031;1
2047936;1
2046824;2
2022569;2
2003690;2
2003740;1
2049180;1
;
4020086;
02237;2
04216;1
2002211;2
2003694;1
2003728;2
2003741;1
2003743;2
2003744;3
2003745;1
2007922;1
2034871;1
2046643;1
2046820;1
2046821;2
2046822;2
2046823;2
2046824;1
2046825;2
2047621;1
2047875;1
2048261;1
2048294;2
2300082;1
2300142;1
2300166;1
3002928;2
3002929;1
3002932;4
3003642;1
3010001;1
MONTCPRP0009;1
MONTCPRP0032;1
2047937;1
2003690;2
2022569;2
2003740;1
2049180;1
;
4020087;
02237;2
04216;1
2002211;2
2003691;2
2003695;1
2003728;2
2003741;2
2003744;3
2003745;3
2007922;1
2034871;1
2046644;1
2046821;3
2046822;2
2046824;3
2046825;2
2047621;1
2047876;1
2048261;1
2048294;2
2300082;1
2300142;1
2300166;1
3002929;3
3002932;4
3003643;1
3010001;1
MONTCPRP0010;1
MONTCPRP0033;1
2047937;1
2022569;2
2049180;1
;
4020088;
02237;3
04216;1
11929;3
2002717;1
2003693;1
2003740;1
2003742;6
2003744;1
2007920;1
2022750;3
2046642;1
2046820;3
2046821;3
2046822;3
2046823;3
2047621;1
2047880;1
2047944;1
2048115;1
2048261;1
2048294;2
2300143;1
2300167;1
3002926;3
3002928;1
3002932;6
3003644;1
3010001;1
MONTCPRP0003;1
MONTCPRP0026;2
2034870;1
2003688;3
2003739;1
;
4020089;
02237;3
04216;1
11929;3
2002717;1
2003693;1
2003740;1
2003742;6
2003744;1
2007920;1
2022750;3
2046642;1
2046820;3
2046821;3
2046822;3
2046823;3
2047621;1
2047883;1
2047944;1
2048115;1
2048261;1
2048294;2
2300143;1
2300167;1
3002926;3
3002928;1
3002932;6
3003645;1
3010001;1
MONTCPRP0004;1
MONTCPRP0027;2
2034870;1
2003688;3
2003739;1
;
4020090;
02237;3
04216;1
2002211;3
2003694;1
2003741;1
2003743;6
2007921;1
2034871;1
2046643;1
2046820;1
2046821;2
2046822;3
2046823;3
2046824;3
2047621;1
2047882;1
2048115;1
2048261;1
2048294;2
2300143;1
2300167;1
3002927;3
3002929;1
3002932;6
3003646;1
3010001;1
MONTCPRP0005;1
MONTCPRP0028;2
2003689;3
2047947;1
2022569;3
2003728;3
2003745;1
2003740;1
2049180;1
;
4020091;
02237;3
04216;1
2002211;3
2003694;1
2003741;1
2003743;6
2003745;1
2007921;1
2034871;1
2046643;1
2046820;1
2046821;2
2046822;3
2046823;3
2046824;3
2047621;1
2047884;1
2048115;1
2048261;1
2048294;2
2300143;1
2300167;1
3002927;3
3002929;1
3002932;6
3003647;1
3010001;1
MONTCPRP0006;1
MONTCPRP0029;2
2003728;3
2022569;3
2003689;3
2047947;1
2003740;1
2049180;1
;
4020092;
02237;3
04216;1
2002211;3
2003694;1
2003741;2
2003743;5
2003744;1
2007922;1
2034871;1
2046643;1
2046821;3
2046822;3
2046823;2
2046824;1
2046825;3
2047621;1
2047889;1
2048115;1
2048261;1
2048294;2
2300143;1
2300167;1
3002927;3
3002929;1
3002932;6
3003648;1
3010001;1
MONTCPRP0007;1
MONTCPRP0030;2
2003689;3
2003728;3
2047941;1
2022569;3
2003745;1
2049180;1
;
4020093;
02237;3
04216;1
2002211;3
2003695;1
2003741;2
2003744;6
2003745;1
2007922;1
2034871;1
2046644;1
2046821;3
2046822;3
2046824;3
2046825;3
2047621;1
2047890;1
2048115;1
2048261;1
2048294;2
2300143;1
2300167;1
3002928;3
3002929;1
3002932;6
3003649;1
3010001;1
MONTCPRP0008;1
MONTCPRP0031;2
2003690;3
2047941;1
2003728;3
2022569;3
2049180;1
;
4020094;
02237;3
04216;1
2002211;3
2003695;1
2003741;1
2003744;6
2003746;1
2007922;1
2034871;1
2046644;1
2046820;1
2046821;2
2046822;3
2046824;3
2046825;3
2047621;1
2047886;1
2048115;1
2048261;1
2048294;2
2300143;1
2300167;1
3002928;3
3002930;1
3002932;6
3003650;1
3010001;1
MONTCPRP0009;1
MONTCPRP0032;2
2003728;3
2047941;1
2003690;3
2022569;3
2003740;1
2049180;1
;
4020095;
02237;3
04216;1
2002211;3
2003691;3
2003698;1
2003742;1
2003745;6
2003746;2
2007923;1
2034872;1
2046644;1
2046820;1
2046822;5
2046825;3
2047621;1
2047888;1
2048115;1
2048261;1
2048294;2
2300143;1
2300167;1
3002929;3
3002930;2
3002932;6
3003651;1
3010001;1
MONTCPRP0010;1
MONTCPRP0033;2
2042060;3
2047942;1
2022569;3
2003728;3
2003740;1
2049180;1
;
4020096;
02237;3
04216;1
2002211;3
2003691;3
2003698;1
2003742;1
2003745;6
2003746;2
2007923;1
2034872;1
2042060;3
2046645;1
2046820;1
2046822;5
2046825;4
2047621;2
2047887;1
2048115;1
2048261;1
2048294;2
2300143;1
2300167;1
3002929;3
3002930;2
3002932;3
3003652;1
3010001;1
MONTCPRP0011;1
MONTCPRP0034;2
2047942;1
2003728;3
2022569;3
2003740;1
2049180;1
;
4020097;
02237;3
04216;1
2002212;3
2003691;3
2003698;1
2003741;1
2003742;1
2003745;5
2003746;3
2007924;1
2020347;1
2022570;3
2041434;3
2046646;1
2046821;1
2046822;2
2046823;3
2046825;2
2046826;1
2047621;2
2047887;1
2047945;1
2048115;1
2048261;1
2048294;2
22994;3
2300143;1
2300167;1
3002929;3
3002930;2
3002932;3
3003653;1
3010001;1
MONTCPRP0012;1
MONTCPRP0035;2
2049180;1
;
4020098;
02237;3
04216;1
2002213;3
2003691;3
2003697;2
2003730;3
2003741;1
2003743;1
2003745;3
2003746;3
2003747;2
2007924;1
2020347;1
2041434;3
2046646;1
2046821;1
2046823;2
2046824;3
2046826;3
2047621;2
2047892;1
2048115;1
2048261;1
2048294;2
2300143;1
2300167;1
3002929;3
3002931;2
3002932;3
3003654;1
3010001;1
MONTCPRP0013;1
MONTCPRP0036;2
2047946;1
2034496;3
2049180;1
;
4020099;
02237;4
04216;1
2002211;4
2003691;4
2003698;1
2003742;1
2003745;7
2003746;2
2007923;1
2034872;1
2046645;1
2046820;1
2046822;6
2046825;4
2047621;2
2047895;1
2048261;1
2048294;2
2300049;1
2300144;1
2300168;1
3002929;4
3002930;2
3002932;4
3003655;1
3010001;1
MONTCPRP0010;1
MONTCPRP0033;3
2047953;1
2022569;4
2003728;4
2042060;4
2003740;1
2049180;1
;
4020100;
02237;4
04216;1
2002211;4
2003691;4
2003697;2
2003741;1
2003743;1
2003745;4
2003746;3
2003747;2
2007924;1
2020347;1
2041434;4
2046645;1
2046821;1
2046822;4
2046823;2
2046826;4
2047621;2
2047897;1
2047950;1
2048261;1
2048294;2
2300049;1
2300144;1
2300168;1
3002929;4
3002931;2
3002932;4
3003656;1
3010001;1
MONTCPRP0011;1
MONTCPRP0034;3
2003728;4
2022569;4
2049180;1
;
4020101;
02237;4
04216;1
2002212;4
2003691;4
2003741;1
2003743;1
2003745;4
2003746;3
2003747;2
2007924;1
2020347;1
2022570;4
2041434;4
2046821;1
2046823;6
2046826;4
2047214;1
2047621;2
2047897;1
2047951;1
2048261;1
2048294;2
22994;4
2300049;1
2300144;1
2300168;1
3002929;4
3002931;2
3002932;4
3003657;1
3010001;1
MONTCPRP0012;1
MONTCPRP0035;3
2003697;2
2049180;1
;
4020102;
02237;4
04216;1
2002213;4
2003691;4
2003730;4
2003742;1
2003743;1
2003745;4
2003746;3
2003747;2
2007924;1
2020347;1
2041434;4
2046822;1
2046823;2
2046824;4
2046826;4
2047214;1
2047621;2
2047897;1
2047952;1
2048261;1
2048294;2
2300049;1
2300144;1
2300168;1
3002929;4
3002931;2
3002932;4
3003658;1
3010001;1
MONTCPRP0013;1
MONTCPRP0036;3
2034496;4
2003697;2
2049180;1
;
4020103;
02237;2
04216;1
2003692;1
2003738;2
2003740;3
2003741;2
2003743;1
2007918;1
2023731;2
2039738;2
2046643;1
2046819;3
2046820;5
2046822;2
2047621;1
2047866;1
2047931;1
2048261;1
2048294;2
2300082;1
2300142;1
2300166;1
3002925;2
3002927;1
3002932;4
3003659;1
3010001;1
MONTCPRP0022;2
2034870;1
2003687;2
2002716;1
;
4020104;
02237;2
04216;1
2003692;1
2003738;2
2003740;3
2003741;2
2003743;1
2007918;1
2023731;2
2039738;2
2046642;1
2046819;3
2046820;5
2046822;2
2047621;1
2047866;1
2047931;1
2048261;1
2048294;2
2300082;1
2300142;1
2300166;1
3002925;2
3002927;1
3002932;4
3003660;1
3010001;1
MONTCPRP0023;2
2034870;1
2003687;2
2002716;1
;
4020105;
02237;2
04216;1
2003692;1
2003738;2
2003740;3
2003741;2
2003743;1
2007918;1
2039738;2
2046642;1
2046819;3
2046820;5
2046822;2
2047621;1
2047866;1
2047931;1
2048261;1
2048294;2
2300082;1
2300142;1
2300166;1
3002925;2
3002927;1
3002932;4
3003661;1
3010001;1
MONTCPRP0001;1
MONTCPRP0024;1
2034870;1
2003687;2
2023731;2
2002716;1
;
4020106;
02237;2
04216;1
2003692;1
2003738;2
2003740;1
2003741;2
2003742;2
2003743;1
2007918;1
2039738;2
2046643;1
2046819;3
2046820;3
2046821;2
2046822;2
2047621;1
2047867;1
2047931;1
2048261;1
2048294;2
2300082;1
2300142;1
2300166;1
3002926;2
3002927;1
3002932;4
3003662;1
3010001;1
MONTCPRP0002;1
MONTCPRP0025;1
2034870;1
2003688;2
2023731;2
2002716;1
;
4020107;
02237;2
04216;1
11929;2
2003692;1
2003738;1
2003741;3
2003742;2
2003744;1
2007919;1
2022750;2
2046643;1
2046819;2
2046820;1
2046821;6
2046822;2
2047621;1
2047869;1
2047932;1
2048261;1
2048294;2
2300082;1
2300142;1
2300166;1
3002926;2
3002928;1
3002932;4
3003663;1
3010001;1
MONTCPRP0003;1
MONTCPRP0026;1
2034870;1
2003688;2
2002716;1
2003739;1
;
4020108;
02237;2
04216;1
11929;2
2003692;1
2003738;1
2003741;2
2003742;3
2007920;1
2022750;2
2046643;1
2046819;2
2046820;1
2046821;5
2046822;1
2046823;2
2047621;1
2047871;1
2047934;1
2048261;1
2048294;2
2300082;1
2300142;1
2300166;1
3002926;2
3002929;1
3002932;4
3003664;1
3010001;1
MONTCPRP0004;1
MONTCPRP0027;1
2034870;1
2003688;2
2003745;1
2002716;1
2003739;1
;
4020109;
02237;2
04216;1
2002211;2
2002717;1
2003693;1
2003728;2
2003739;1
2003742;3
2003743;2
2003745;1
2007920;1
2046644;1
2046820;3
2046822;5
2046823;2
2047621;1
2047872;1
2048261;1
2048294;2
2300082;1
2300142;1
2300166;1
3002927;2
3002929;1
3002932;4
3003665;1
3010001;1
MONTCPRP0005;1
MONTCPRP0028;1
2034870;1
2047934;1
2022569;2
2003689;2
2003740;1
;
4020110;
02237;2
04216;1
2002211;2
2003693;1
2003728;2
2003739;1
2003742;2
2003743;3
2007921;1
2046644;1
2046820;3
2046822;4
2046823;1
2046824;2
2047621;1
2047872;1
2048261;1
2048294;2
2300082;1
2300142;1
2300166;1
3002927;2
3002929;1
3002932;4
3003666;1
3010001;1
MONTCPRP0006;1
MONTCPRP0029;1
2034870;1
2047936;1
2003689;2
2022569;2
2003745;1
2002717;1
2003740;1
;
4020111;
02237;2
04216;1
2002211;2
2002717;1
2003693;1
2003728;2
2003739;1
2003742;2
2003743;3
2003745;1
2007921;1
2046645;1
2046820;3
2046822;5
2046823;1
2046824;2
2047621;1
2047872;1
2048261;1
2048294;2
2300082;1
2300142;1
2300166;1
3002927;2
3002929;1
3002932;4
3003667;1
3010001;1
MONTCPRP0007;1
MONTCPRP0030;1
2034870;1
2047936;1
2003689;2
2022569;2
2003740;1
;
4020112;
02237;2
04216;1
2002211;2
2003694;1
2003728;2
2003740;1
2003741;1
2003743;3
2003746;1
2007921;1
2034871;1
2046645;1
2046820;2
2046821;1
2046822;2
2046823;4
2047621;1
2047874;1
2048261;1
2048294;2
2300082;1
2300142;1
2300166;1
3002928;2
3002930;1
3002932;4
3003668;1
3010001;1
MONTCPRP0008;1
MONTCPRP0031;1
2047936;1
2046824;2
2003690;2
2022569;2
2049180;1
2003744;2
;
4020113;
02237;3
04216;1
2002716;1
2003692;1
2003738;1
2003741;6
2003743;1
2007919;1
2039738;3
2046643;1
2046819;2
2046820;4
2046821;3
2046822;3
2047621;1
2047877;1
2047948;1
2048115;1
2048261;1
2048294;2
2300143;1
2300167;1
3002925;3
3002927;1
3002932;6
3003669;1
3010001;1
MONTCPRP0001;1
MONTCPRP0024;2
2034870;1
2003687;3
2023731;3
2003739;1
;
4020114;
02237;3
04216;1
2002716;1
2003692;1
2003738;1
2003741;3
2003742;3
2003743;1
2007919;1
2039738;3
2046643;1
2046819;2
2046820;4
2046821;3
2046822;3
2047621;1
2047878;1
2047948;1
2048115;1
2048261;1
2048294;2
2300143;1
2300167;1
3002926;3
3002927;1
3002932;6
3003670;1
3010001;1
MONTCPRP0002;1
MONTCPRP0025;2
2034870;1
2003688;3
2023731;3
2003739;1
;
4020115;
02237;3
04216;1
11929;3
2002717;1
2003693;1
2003739;1
2003742;6
2003744;1
2007920;1
2022750;3
2046644;1
2046820;3
2046821;3
2046822;3
2046823;3
2047621;1
2047880;1
2047944;1
2048115;1
2048261;1
2048294;2
2300143;1
2300167;1
3002926;3
3002928;1
3002932;6
3003671;1
3010001;1
MONTCPRP0003;1
MONTCPRP0026;2
2034870;1
2003688;3
2003740;1
;
4020116;
02237;3
04216;1
11929;3
2002717;1
2003693;1
2003739;1
2003742;6
2007920;1
2022750;3
2046644;1
2046820;3
2046821;3
2046822;3
2046823;3
2047621;1
2047881;1
2047944;1
2048115;1
2048261;1
2048294;2
2300143;1
2300167;1
3002926;3
3002929;1
3002932;6
3003672;1
3010001;1
MONTCPRP0004;1
MONTCPRP0027;2
2034870;1
2003688;3
2003745;1
2003740;1
;
4020117;
02237;3
04216;1
2002211;3
2003694;1
2003740;1
2003741;1
2003743;6
2003746;1
2007921;1
2034871;1
2046645;1
2046820;2
2046821;1
2046822;3
2046823;4
2046824;3
2047621;1
2047884;1
2048115;1
2048261;1
2048294;2
2300143;1
2300167;1
3002927;3
3002930;1
3002932;6
3003673;1
3010001;1
MONTCPRP0005;1
MONTCPRP0028;2
2047947;1
2022569;3
2003728;3
2003689;3
2049180;1
;
4020118;
02237;3
04216;1
2002211;3
2003694;1
2003740;1
2003741;1
2003743;6
2003746;1
2007921;1
2034871;1
2046645;1
2046820;2
2046821;1
2046822;3
2046823;4
2046824;3
2047621;1
2047884;1
2048115;1
2048261;1
2048294;2
2300143;1
2300167;1
3002927;3
3002930;1
3002932;6
3003674;1
3010001;1
MONTCPRP0006;1
MONTCPRP0029;2
2047947;1
2003728;3
2003689;3
2022569;3
2049180;1
;
4020119;
02237;3
04216;1
2002211;3
2003694;1
2003740;1
2003741;1
2003743;6
2003746;1
2007921;1
2034871;1
2046646;1
2046820;2
2046821;1
2046822;3
2046823;4
2046824;3
2047621;1
2047884;1
2048115;1
2048261;1
2048294;2
2300143;1
2300167;1
3002927;3
3002930;1
3002932;6
3003675;1
3010001;1
MONTCPRP0007;1
MONTCPRP0030;2
2003728;3
2022569;3
2047947;1
2003689;3
2049180;1
;
4020120;
02237;3
04216;1
2002211;3
2003695;1
2003741;1
2003742;1
2003743;1
2003744;5
2003747;1
2007921;1
2034872;1
2046821;2
2046822;4
2046823;1
2046824;6
2047214;1
2047621;1
2047890;1
2048115;1
2048261;1
2048294;2
2300143;1
2300167;1
3002928;3
3002931;1
3002932;6
3003676;1
3010001;1
MONTCPRP0008;1
MONTCPRP0031;2
2003690;3
2047947;1
2022569;3
2003728;3
2049180;1
;
4020121;
02237;3
04216;1
2002211;3
2003695;1
2003741;1
2003742;1
2003743;1
2003744;5
2003747;1
2007921;1
2034872;1
2046821;2
2046822;4
2046823;1
2046824;6
2047214;1
2047621;1
2047890;1
2048115;1
2048261;1
2048294;2
2300143;1
2300167;1
3002928;3
3002931;1
3002932;6
3003677;1
3010001;1
MONTCPRP0009;1
MONTCPRP0032;2
2003690;3
2022569;3
2047947;1
2003728;3
2049180;1
;
4020122;
02237;3
04216;1
2002211;3
2003691;3
2003698;1
2003742;2
2003744;1
2003745;5
2003747;1
2007922;1
2034872;1
2046647;1
2046822;6
2046824;1
2046825;5
2047621;1
2047893;1
2048115;1
2048261;1
2048294;2
2300143;1
2300167;1
3002929;3
3002931;1
3002932;6
3003678;1
3010001;1
MONTCPRP0010;1
MONTCPRP0033;2
2003728;3
2022569;3
2047941;1
2049180;1
;
4020123;
02237;3
04216;1
2002211;3
2003728;3
2003742;2
2003745;5
2003746;2
2007922;1
2034872;1
2046647;1
2046822;6
2046825;6
2047621;2
2047887;1
2048115;1
2048261;1
2048294;2
2300143;1
2300167;1
3002929;3
3002930;2
3002932;3
3003679;1
3010001;1
MONTCPRP0011;1
MONTCPRP0034;2
2003691;3
2047941;1
2022569;3
2003698;1
2049180;1
2046824;1
2003744;1
;
4020124;
02237;3
04216;1
2002212;3
2003691;3
2003698;1
2003742;2
2003745;5
2003746;2
2007922;1
2022570;3
2034872;1
2046648;1
2046822;3
2046823;3
2046824;1
2046825;6
2047621;2
2047887;1
2048115;1
2048261;1
2048294;2
22994;3
2300143;1
2300167;1
3002929;3
3002930;2
3002932;3
3003680;1
3010001;1
MONTCPRP0012;1
MONTCPRP0035;2
2047949;1
2049180;1
2003744;1
;
4020125;
02237;4
04216;1
2002211;4
2003698;1
2003728;4
2003742;2
2003744;5
2003745;2
2003746;2
2007922;1
2034872;1
2046647;1
2046822;7
2046824;1
2046825;6
2047621;2
2047894;1
2048261;1
2048294;2
2300049;1
2300144;1
2300168;1
3002928;4
3002930;2
3003681;1
3010001;1
MONTCPRP0009;1
MONTCPRP0032;3
2047954;1
2022569;4
3002932;4
2003690;4
2049180;1
;
4020126;
02237;4
04216;1
2002211;4
2003691;4
2003700;1
2003728;4
2003743;1
2003744;1
2003745;6
2003747;2
2007922;1
2034872;1
2046648;1
2046822;6
2046823;1
2046824;1
2046825;7
2047621;2
2047897;1
2048261;1
2048294;2
2300049;1
2300144;1
2300168;1
3002929;4
3002931;2
3002932;4
3003682;1
3010001;1
MONTCPRP0010;1
MONTCPRP0033;3
2047954;1
2022569;4
2003742;1
2049180;1
;
4020127;
02237;4
04216;1
2002211;4
2003691;4
2003700;1
2003728;4
2003742;1
2003743;1
2003745;7
2003747;2
2007923;1
2020346;1
2046648;1
2046822;6
2046823;1
2046825;4
2047621;2
2047897;1
2048261;1
2048294;2
2300049;1
2300144;1
2300168;1
3002929;4
3002931;2
3002932;4
3003683;1
3010001;1
MONTCPRP0011;1
MONTCPRP0034;3
2042060;4
2047953;1
2022569;4
2049180;1
;
4020128;
02237;4
04216;1
2002212;4
2003691;4
2003700;1
2003743;1
2003745;7
2003747;2
2007923;1
2020346;1
2022570;4
2042060;4
2046647;2
2046822;2
2046823;5
2046825;4
2047621;2
2047897;1
2047955;1
2048261;2
2048294;2
22994;4
2300049;1
2300144;1
2300168;1
3002929;4
3002931;2
3002932;4
3003684;1
3010001;1
MONTCPRP0012;1
MONTCPRP0035;3
2003742;1
2049180;1
;
4020129;
02237;2
04216;1
2003724;2
2003738;1
2003740;1
2003741;4
2003743;1
2007918;1
2046643;1
2046819;4
2046820;2
2046821;2
2046822;2
2047621;1
2047866;1
2047930;1
2048261;1
2048294;2
2300082;1
2300142;1
2300166;1
3002924;2
3002927;1
3002932;4
3003685;1
3010001;1
MONTCPRP0020;2
2034870;1
2002716;1
2003687;3
2003739;1
;
4020130;
02237;2
04216;1
2003738;1
2003740;1
2003741;4
2003743;1
2007918;1
2023731;2
2039738;2
2046643;1
2046819;2
2046820;4
2046821;2
2046822;2
2047621;1
2047866;1
2047931;1
2048261;1
2048294;2
2300082;1
2300142;1
2300166;1
3002925;2
3002927;1
3002932;4
3003686;1
3010001;1
MONTCPRP0021;2
2034870;1
2002716;1
2003687;3
2003739;1
;
4020131;
02237;2
04216;1
2003738;1
2003741;5
2003743;1
2007919;1
2023731;2
2039738;2
2046643;1
2046819;2
2046820;3
2046821;3
2046822;2
2047621;1
2047866;1
2047932;1
2048261;1
2048294;2
2300082;1
2300142;1
2300166;1
3002925;2
3002927;1
3002932;4
3003687;1
3010001;1
MONTCPRP0022;2
2034870;1
2002716;1
2003687;3
2003740;1
;
4020132;
02237;2
04216;1
2003693;1
2003739;1
2003741;3
2003742;2
2003744;1
2007919;1
2023731;2
2039738;2
2046643;1
2046820;5
2046821;1
2046822;4
2047621;1
2047868;1
2047932;1
2048261;1
2048294;2
2300142;1
2300166;1
3002925;2
3002928;1
3002932;4
3003688;1
3010001;1
MONTCPRP0023;2
2034870;1
2300082;1
2003687;2
2002717;1
2003740;1
;
4020133;
02237;2
04216;1
2003693;1
2003739;1
2003741;3
2003742;2
2003744;1
2007919;1
2039738;2
2046644;1
2046820;5
2046821;1
2046822;4
2047621;1
2047868;1
2047932;1
2048261;1
2048294;2
2300142;1
2300166;1
3002925;2
3002928;1
3002932;4
3003689;1
3010001;1
MONTCPRP0001;1
MONTCPRP0024;1
2034870;1
2300082;1
2023731;2
2003687;2
2002717;1
2003740;1
;
4020134;
02237;2
04216;1
2003693;1
2003739;1
2003741;1
2003742;5
2003744;1
2007920;1
2039738;2
2046644;1
2046820;4
2046821;1
2046822;3
2046823;2
2047621;1
2047869;1
2047933;1
2048261;1
2048294;2
2300082;1
2300142;1
2300166;1
3002926;2
3002928;1
3002932;4
3003690;1
3010001;1
MONTCPRP0002;1
MONTCPRP0025;1
2034870;1
2003688;2
2023731;2
2002717;1
;
4020135;
02237;2
04216;1
11929;2
2003694;1
2003741;2
2003742;3
2003743;2
2003745;1
2007920;1
2022750;2
2046645;1
2046821;5
2046822;1
2046823;5
2047621;1
2047871;1
2047934;1
2048261;1
2048294;2
2300082;1
2300142;1
2300166;1
3002926;2
3002929;1
3002932;4
3003691;1
3010001;1
MONTCPRP0003;1
MONTCPRP0026;1
2034870;1
2003688;2
2049180;1
;
4020136;
02237;2
04216;1
11929;2
2003694;1
2003741;2
2003742;2
2003743;3
2007921;1
2022750;2
2046645;1
2046821;5
2046823;4
2046824;2
2047621;1
2047871;1
2047935;1
2048261;1
2048294;2
2300082;1
2300142;1
2300166;1
3002926;2
3002929;1
3002932;4
3003692;1
3010001;1
MONTCPRP0004;1
MONTCPRP0027;1
2034870;1
2003688;2
2003745;1
2049180;1
;
4020137;
02237;2
04216;1
2002211;2
2003694;1
2003728;2
2003741;1
2003742;1
2003743;5
2003746;1
2007921;1
2046646;1
2046821;2
2046822;3
2046823;3
2046824;2
2047621;1
2047873;1
2048261;1
2048294;2
2300082;1
2300142;1
2300166;1
3002927;2
3002930;1
3002932;4
3003693;1
3010001;1
MONTCPRP0005;1
MONTCPRP0028;1
2034870;1
2047936;1
2003689;2
2022569;2
2049180;1
;
4020138;
02237;2
04216;1
2002211;2
2003695;1
2003728;2
2003741;1
2003742;1
2003743;3
2003744;2
2003746;1
2007921;1
2034871;1
2046821;2
2046822;3
2046823;1
2046824;5
2047214;1
2047621;1
2047873;1
2048261;1
2048294;2
2300082;1
2300142;1
2300166;1
3002927;2
3002930;1
3002932;4
3003694;1
3010001;1
MONTCPRP0006;1
MONTCPRP0029;1
2047936;1
2022569;2
2003689;2
2049180;1
;
4020139;
02237;3
04216;1
2003694;1
2003741;5
2003742;1
2003743;2
2003744;1
2007920;1
2023731;3
2039738;3
2046644;1
2046820;3
2046821;3
2046822;1
2046823;5
2047621;1
2047879;1
2047938;1
2048115;1
2048261;1
2048294;2
2300143;1
2300167;1
3002925;3
3002928;1
3002932;6
3003695;1
3010001;1
MONTCPRP0023;3
2034870;1
2003687;3
2049180;1
;
4020140;
02237;3
04216;1
2003694;1
2003741;5
2003742;1
2003743;2
2003744;1
2007920;1
2039738;3
2046645;1
2046820;3
2046821;3
2046822;1
2046823;6
2047621;1
2047879;1
2047938;1
2048115;1
2048261;1
2048294;2
2300143;1
2300167;1
3002925;3
3002928;1
3002932;6
3003696;1
3010001;1
MONTCPRP0001;1
MONTCPRP0024;2
2034870;1
2003687;3
2023731;3
2049180;1
;
4020141;
02237;3
04216;1
2003694;1
2003741;2
2003742;3
2003743;3
2003744;1
2007921;1
2039738;3
2046645;1
2046820;3
2046821;3
2046823;4
2046824;3
2047621;1
2047880;1
2047939;1
2048115;1
2048261;1
2048294;2
2300143;1
2300167;1
3002926;3
3002928;1
3002932;6
3003697;1
3010001;1
MONTCPRP0002;1
MONTCPRP0025;2
2034870;1
2023731;3
2003688;3
2049180;1
;
4020142;
02237;3
04216;1
11929;3
2003694;1
2003741;1
2003742;4
2003743;3
2003746;1
2007921;1
2022750;3
2046646;1
2046821;5
2046822;1
2046823;3
2046824;3
2047621;1
2047883;1
2047940;1
2048115;1
2048261;1
2048294;2
2300143;1
2300167;1
3002926;3
3002930;1
3002932;6
3003698;1
3010001;1
MONTCPRP0003;1
MONTCPRP0026;2
2034870;1
2003688;3
2049180;1
;
4020143;
02237;3
04216;1
11929;3
2003695;1
2003741;1
2003742;4
2003743;1
2003744;2
2003746;1
2007921;1
2022750;3
2046646;1
2046821;5
2046822;1
2046823;1
2046824;5
2047621;1
2047883;1
2047940;1
2048115;1
2048261;1
2048294;2
2300143;1
2300167;1
3002926;3
3002930;1
3002932;6
3003699;1
3010001;1
MONTCPRP0004;1
MONTCPRP0027;2
2034870;1
2003688;3
2049180;1
;
4020144;
02237;3
04216;1
2002211;3
2003698;1
2003728;3
2003742;2
2003743;3
2003745;2
2003746;1
2007922;1
2034871;1
2046822;6
2046824;1
2046825;6
2047214;1
2047621;1
2047884;1
2048115;1
2048261;1
2048294;2
2300143;1
2300167;1
3002927;3
3002930;1
3002932;6
3003700;1
3010001;1
MONTCPRP0005;1
MONTCPRP0028;2
2047941;1
2022569;3
2003689;3
2049180;1
2003744;1
;
4020145;
02237;3
04216;1
2002211;3
2003698;1
2003742;1
2003743;4
2003745;2
2003747;1
2007922;1
2034871;1
2046647;1
2046822;5
2046823;1
2046824;1
2046825;5
2047621;1
2047889;1
2048115;1
2048261;1
2048294;2
2300143;1
2300167;1
3002927;3
3002931;1
3002932;6
3003701;1
3010001;1
MONTCPRP0006;1
MONTCPRP0029;2
2003728;3
2003689;3
2047941;1
2022569;3
2049180;1
2003744;1
;
4020146;
02237;3
04216;1
2002211;3
2003698;1
2003728;3
2003743;4
2003745;3
2003747;1
2007923;1
2034872;1
2042060;3
2046647;1
2046822;5
2046823;1
2046825;3
2047621;1
2047889;1
2048115;1
2048261;1
2048294;2
2300143;1
2300167;1
3002927;3
3002931;1
3002932;6
3003702;1
3010001;1
MONTCPRP0007;1
MONTCPRP0030;2
2003689;3
2047942;1
2022569;3
2003742;1
2049180;1
;
4020147;
02237;3
04216;1
2002211;3
2003743;2
2003744;3
2003745;1
2003746;4
2007923;1
2034872;1
2046648;1
2046822;3
2046823;3
2046825;1
2046826;3
2047621;1
2047885;1
2048115;1
2048261;1
2048294;2
2300143;1
2300167;1
3002928;3
3002930;2
3002932;6
3003703;1
3010001;1
MONTCPRP0014;1
MONTCPRP0037;2
2042060;3
2003728;3
2047942;1
2022569;3
2003690;3
2003697;2
2049180;1
;
4020148;
02237;3
04216;1
2002211;3
2003697;2
2003743;2
2003744;3
2003745;1
2003746;4
2007923;1
2034872;1
2046648;1
2046822;3
2046823;3
2046825;1
2046826;3
2047621;1
2047885;1
2048115;1
2048261;1
2048294;2
2300143;1
2300167;1
3002928;3
3002930;2
3002932;6
3003704;1
3010001;1
MONTCPRP0015;1
MONTCPRP0038;2
2022569;3
2047942;1
2003728;3
2003690;3
2042060;3
2049180;1
;
4020149;
02237;3
04216;1
2002211;3
2003691;3
2003697;2
2003743;1
2003744;1
2003745;3
2003746;5
2007924;1
2034872;1
2041434;3
2046648;1
2046822;3
2046823;2
2046824;1
2046826;4
2047621;2
2047887;1
2048115;1
2048261;1
2048294;2
2300143;1
2300167;1
3002929;3
3002930;2
3002932;3
3003705;1
3010001;1
MONTCPRP0016;1
MONTCPRP0039;2
2003728;3
2022569;3
2047943;1
2049180;1
;
4020150;
02237;3
04216;1
2002211;3
2003691;3
2003700;2
2003744;2
2003745;3
2003746;1
2003747;4
2007924;1
2034872;1
2041434;4
2046648;1
2046822;3
2046824;3
2046826;1
2046827;2
2047621;2
2047892;1
2048115;1
2048261;1
2048294;2
2300143;1
2300167;1
3002929;3
3002931;2
3002932;3
3003706;1
3010001;1
MONTCPRP0017;1
MONTCPRP0040;2
2047943;1
2003728;3
2022569;3
2049180;1
;
4020151;
02237;4
04216;1
2002211;4
2003744;5
2003746;3
2003747;2
2007924;1
2034872;1
2046647;2
2046822;4
2046823;2
2046824;1
2046826;4
2047621;2
2047896;1
2047950;1
2048261;2
2048294;2
2300049;1
2300144;1
2300168;1
3002928;4
3002931;2
3002932;4
3003707;1
3010001;1
MONTCPRP0014;1
MONTCPRP0037;3
2041434;4
2003690;4
2022569;4
2003728;4
2003743;1
2003697;2
2049180;1
;
4020152;
02237;4
04216;1
2002211;4
2003700;2
2003744;6
2003746;1
2003747;4
2007924;1
2034872;1
2041434;5
2046647;2
2046822;4
2046824;3
2046826;1
2046827;2
2047621;2
2047896;1
2047950;1
2048261;2
2048294;2
2300049;1
2300144;1
2300168;1
3002928;4
3002931;2
3002932;4
3003708;1
3010001;1
MONTCPRP0015;1
MONTCPRP0038;3
2003728;4
2022569;4
2003690;4
2049180;1
;
4020153;
02237;4
04216;1
2002211;4
2003691;4
2003700;2
2003744;2
2003745;4
2003746;1
2003747;4
2007924;1
2034872;1
2041434;5
2046647;2
2046822;4
2046824;3
2046826;1
2046827;2
2047621;2
2047897;1
2047950;1
2048261;2
2048294;2
2300049;1
2300144;1
2300168;1
3002929;4
3002931;2
3002932;4
3003709;1
3010001;1
MONTCPRP0016;1
MONTCPRP0039;3
2022569;4
2003728;4
2049180;1
;
4020154;
02237;2
04216;1
2003738;1
2003740;3
2003741;2
2003743;1
2007918;1
2023731;2
2039738;2
2046642;1
2046819;2
2046820;6
2046822;2
2047621;1
2047866;1
2047931;1
2048261;1
2048294;2
2300082;1
2300142;1
2300166;1
3002925;2
3002927;1
3002932;4
3003710;1
3010001;1
MONTCPRP0022;2
2034870;1
2002716;1
2003687;3
2003739;1
;
4020155;
02237;2
04216;1
2003738;1
2003740;3
2003741;2
2003744;1
2007918;1
2023731;2
2039738;2
2046642;1
2046819;2
2046820;6
2046822;2
2047621;1
2047868;1
2047931;1
2048261;1
2048294;2
2300082;1
2300142;1
2300166;1
3002925;2
3002928;1
3002932;4
3003711;1
3010001;1
MONTCPRP0023;2
2034870;1
2002716;1
2003687;3
2003739;1
;
4020156;
02237;2
04216;1
2003738;1
2003740;3
2003741;2
2003744;1
2007918;1
2039738;2
2046643;1
2046819;2
2046820;6
2046822;2
2047621;1
2047868;1
2047931;1
2048261;1
2048294;2
2300082;1
2300142;1
2300166;1
3002925;2
3002928;1
3002932;4
3003712;1
3010001;1
MONTCPRP0001;1
MONTCPRP0024;1
2034870;1
2023731;2
2002716;1
2003687;3
2003739;1
;
4020157;
02237;2
04216;1
2003692;1
2003738;1
2003741;3
2003742;2
2003744;1
2007919;1
2039738;2
2046643;1
2046819;2
2046820;3
2046821;3
2046822;2
2047621;1
2047869;1
2047932;1
2048261;1
2048294;2
2300082;1
2300142;1
2300166;1
3002926;2
3002928;1
3002932;4
3003713;1
3010001;1
MONTCPRP0002;1
MONTCPRP0025;1
2034870;1
2023731;2
2003688;2
2002716;1
2003740;1
;
4020158;
02237;2
04216;1
11929;2
2003692;1
2003738;1
2003741;2
2003742;3
2003745;1
2007920;1
2022750;2
2046643;1
2046819;2
2046820;1
2046821;4
2046822;1
2046823;2
2047621;1
2047871;1
2047934;1
2048261;1
2048294;2
2300082;1
2300142;1
2300166;1
3002926;2
3002929;1
3002932;4
3003714;1
3010001;1
MONTCPRP0003;1
MONTCPRP0026;1
2034870;1
2003688;2
2002716;1
2003740;1
;
4020159;
02237;2
04216;1
11929;2
2003693;1
2003740;2
2003742;5
2003745;1
2007920;1
2022750;2
2046644;1
2046820;3
2046821;2
2046822;3
2046823;2
2047621;1
2047871;1
2047934;1
2048261;1
2048294;2
2300082;1
2300142;1
2300166;1
3002926;2
3002929;1
3002932;4
3003715;1
3010001;1
MONTCPRP0004;1
MONTCPRP0027;1
2034870;1
2003688;2
2002717;1
;
4020160;
02237;2
04216;1
2002211;2
2002717;1
2003693;1
2003728;2
2003740;1
2003741;1
2003742;2
2003743;3
2003746;1
2007921;1
2046645;1
2046820;2
2046821;1
2046822;5
2046823;1
2046824;2
2047621;1
2047873;1
2048261;1
2048294;2
2300082;1
2300142;1
2300166;1
3002927;2
3002930;1
3002932;4
3003716;1
3010001;1
MONTCPRP0005;1
MONTCPRP0028;1
2034870;1
2047936;1
2003689;2
2022569;2
;
4020161;
02237;2
04216;1
2002211;2
2003694;1
2003728;2
2003741;2
2003743;5
2003746;1
2007921;1
2034871;1
2046645;1
2046821;3
2046822;2
2046823;4
2046824;2
2047621;1
2047873;1
2048261;1
2048294;2
2300082;1
2300142;1
2300166;1
3002927;2
3002930;1
3002932;4
3003717;1
3010001;1
MONTCPRP0006;1
MONTCPRP0029;1
2047936;1
2003689;2
2022569;2
2049180;1
;
4020162;
02237;2
04216;1
2002211;2
2003694;1
2003728;2
2003741;1
2003742;1
2003743;5
2003746;1
2007921;1
2034871;1
2046645;1
2046821;2
2046822;3
2046823;4
2046824;2
2047621;1
2047873;1
2048261;1
2048294;2
2300082;1
2300142;1
2300166;1
3002927;2
3002930;1
3002932;4
3003718;1
3010001;1
MONTCPRP0007;1
MONTCPRP0030;1
2047936;1
2003689;2
2022569;2
2049180;1
;
4020163;
02237;2
04216;1
2002211;2
2003694;1
2003728;2
2003741;1
2003742;1
2003743;2
2003747;1
2007922;1
2034871;1
2046646;1
2046821;2
2046822;3
2046823;2
2046824;1
2046825;2
2047621;1
2047875;1
2048261;1
2048294;2
2300082;1
2300142;1
2300166;1
3002928;2
3002931;1
3002932;4
3003719;1
3010001;1
MONTCPRP0014;1
MONTCPRP0037;1
2047937;1
2003690;2
2022569;2
2049180;1
2003744;3
;
4020164;
02237;2
04216;1
2002211;2
2003695;1
2003728;2
2003741;1
2003742;1
2003744;5
2003747;1
2007922;1
2034871;1
2046821;2
2046822;3
2046824;4
2046825;2
2047214;1
2047621;1
2047875;1
2048261;1
2048294;2
2300082;1
2300142;1
2300166;1
3002928;2
3002931;1
3002932;4
3003720;1
3010001;1
MONTCPRP0015;1
MONTCPRP0038;1
2047937;1
2003690;2
2022569;2
2049180;1
;
4020165;
02237;3
04216;1
2002717;1
2003693;1
2003740;2
2003742;6
2003744;1
2007920;1
2039738;3
2046644;1
2046820;6
2046822;3
2046823;3
2047621;1
2047880;1
2047938;1
2048115;1
2048261;1
2048294;2
2300143;1
2300167;1
3002926;3
3002928;1
3002932;6
3003721;1
3010001;1
MONTCPRP0002;1
MONTCPRP0025;2
2034870;1
2003688;3
2023731;3
;
4020166;
02237;3
04216;1
11929;3
2002717;1
2003693;1
2003740;1
2003741;1
2003742;6
2007920;1
2022750;3
2046644;1
2046820;2
2046821;4
2046822;3
2046823;3
2047621;1
2047881;1
2047944;1
2048115;1
2048261;1
2048294;2
2300143;1
2300167;1
3002926;3
3002929;1
3002932;6
3003722;1
3010001;1
MONTCPRP0003;1
MONTCPRP0026;2
2034870;1
2003688;3
2003745;1
;
4020167;
02237;3
04216;1
11929;3
2003694;1
2003741;2
2003742;3
2003743;3
2003745;1
2007921;1
2022750;3
2046645;1
2046821;6
2046823;4
2046824;3
2047621;1
2047881;1
2047940;1
2048115;1
2048261;1
2048294;2
2300143;1
2300167;1
3002926;3
3002929;1
3002932;6
3003723;1
3010001;1
MONTCPRP0004;1
MONTCPRP0027;2
2034870;1
2003688;3
2049180;1
;
4020168;
02237;3
04216;1
2002211;3
2003694;1
2003741;1
2003742;1
2003743;5
2003744;1
2003746;1
2007922;1
2034871;1
2046646;1
2046821;2
2046822;4
2046823;2
2046824;1
2046825;3
2047621;1
2047884;1
2048115;1
2048261;1
2048294;2
2300143;1
2300167;1
3002927;3
3002930;1
3002932;6
3003724;1
3010001;1
MONTCPRP0005;1
MONTCPRP0028;2
2003728;3
2047941;1
2003689;3
2022569;3
2049180;1
;
4020169;
02237;3
04216;1
2002211;3
2003694;1
2003741;1
2003742;1
2003743;5
2003747;1
2007922;1
2034871;1
2046646;1
2046821;2
2046822;4
2046823;2
2046824;1
2046825;3
2047621;1
2047889;1
2048115;1
2048261;1
2048294;2
2300143;1
2300167;1
3002927;3
3002931;1
3002932;6
3003725;1
3010001;1
MONTCPRP0006;1
MONTCPRP0029;2
2003689;3
2022569;3
2047941;1
2003728;3
2049180;1
2003744;1
;
4020170;
02237;3
04216;1
2002211;3
2003695;1
2003741;1
2003742;1
2003743;3
2003744;3
2003747;1
2007922;1
2034871;1
2046821;2
2046822;4
2046824;4
2046825;3
2047214;1
2047621;1
2047889;1
2048115;1
2048261;1
2048294;2
2300143;1
2300167;1
3002927;3
3002931;1
3002932;6
3003726;1
3010001;1
MONTCPRP0007;1
MONTCPRP0030;2
2003689;3
2047941;1
2022569;3
2003728;3
2049180;1
;
4020171;
02237;3
04216;1
2002211;3
2003695;1
2003741;1
2003742;1
2003744;6
2003746;2
2007922;1
2034871;1
2046821;2
2046822;4
2046824;4
2046825;3
2047214;1
2047621;1
2047885;1
2048115;1
2048261;1
2048294;2
2300143;1
2300167;1
3002928;3
3002930;2
3002932;6
3003727;1
3010001;1
MONTCPRP0014;1
MONTCPRP0037;2
2003728;3
2047941;1
2022569;3
2003690;3
2049180;1
;
4020172;
02237;3
04216;1
2002211;3
2003698;1
2003742;1
2003743;1
2003745;3
2003746;2
2007923;1
2034872;1
2046647;1
2046822;5
2046823;1
2046825;3
2047621;1
2047885;1
2048115;1
2048261;1
2048294;2
2300143;1
2300167;1
3002928;3
3002930;2
3002932;6
3003728;1
3010001;1
MONTCPRP0015;1
MONTCPRP0038;2
2022569;3
2042060;3
2047942;1
2003690;3
2003728;3
2049180;1
2003744;3
;
4020173;
02237;3
04216;1
2002211;3
2003691;3
2003698;1
2003742;1
2003743;1
2003745;6
2003746;2
2007923;1
2034872;1
2042060;3
2046647;1
2046822;5
2046823;1
2046825;3
2047621;2
2047887;1
2048115;1
2048261;1
2048294;2
2300143;1
2300167;1
3002929;3
3002930;2
3002932;3
3003729;1
3010001;1
MONTCPRP0016;1
MONTCPRP0039;2
2022569;3
2003728;3
2047942;1
2049180;1
;
4020174;
02237;3
04216;1
2002211;3
2003691;3
2003698;1
2003742;1
2003743;1
2003745;6
2003746;2
2007923;1
2034872;1
2046648;1
2046822;5
2046823;1
2046825;4
2047621;2
2047887;1
2048115;1
2048261;1
2048294;2
2300143;1
2300167;1
3002929;3
3002930;2
3002932;3
3003730;1
3010001;1
MONTCPRP0017;1
MONTCPRP0040;2
2042060;3
2022569;3
2003728;3
2047942;1
2049180;1
;
4020175;
02237;3
04216;1
2002212;3
2003691;3
2003743;2
2003745;3
2003746;3
2003747;2
2007924;1
2020347;1
2022570;3
2041434;3
2046648;1
2046823;6
2046826;4
2047621;2
2047945;1
2048115;1
2048261;1
2048294;2
22994;3
2300143;1
2300167;1
3002929;3
3002931;2
3002932;3
3003731;1
3010001;1
MONTCPRP0018;1
MONTCPRP0041;2
2047892;1
2003697;2
2049180;1
;
4020176;
02237;3
04216;1
2002213;3
2003691;3
2003697;2
2003730;3
2003743;1
2003744;1
2003745;3
2003746;3
2003747;2
2007924;1
2020347;1
2041434;3
2046648;1
2046823;2
2046824;4
2046826;4
2047621;2
2048115;1
2048261;1
2048294;2
2300143;1
2300167;1
3002929;3
3002931;2
3002932;3
3003732;1
3010001;1
MONTCPRP0019;1
MONTCPRP0042;2
2034496;3
2047946;1
2047892;1
2049180;1
;
4020177;
02237;4
04216;1
2002211;4
2003691;4
2003698;1
2003742;1
2003743;1
2003745;6
2003746;1
2003747;2
2007924;1
2020347;1
2046648;1
2046822;6
2046823;1
2046825;3
2046826;1
2047621;2
2047897;1
2047950;1
2048261;1
2048294;2
2300049;1
2300144;1
2300168;1
3002929;4
3002931;2
3002932;4
3003733;1
3010001;1
MONTCPRP0016;1
MONTCPRP0039;3
2041434;4
2003728;4
2022569;4
2049180;1
;
4020178;
02237;4
04216;1
2002211;4
2003691;4
2003744;1
2003745;4
2003746;3
2003747;2
2007924;1
2020347;1
2046647;2
2046822;4
2046823;2
2046824;1
2046826;4
2047621;2
2047897;1
2047950;1
2048261;2
2048294;2
2300049;1
2300144;1
2300168;1
3002929;4
3002931;2
3002932;4
3003734;1
3010001;1
MONTCPRP0017;1
MONTCPRP0040;3
2041434;4
2003728;4
2022569;4
2003743;1
2003697;2
2049180;1
;
4020179;
02237;4
04216;1
2002212;4
2003691;4
2003744;1
2003745;4
2003746;3
2003747;2
2007924;1
2020347;1
2022570;4
2041434;4
2046647;2
2046823;6
2046824;1
2046826;4
2047621;2
2047897;1
2047951;1
2048261;2
2048294;2
22994;4
2300049;1
2300144;1
2300168;1
3002929;4
3002931;2
3002932;4
3003735;1
3010001;1
MONTCPRP0018;1
MONTCPRP0041;3
2003743;1
2003697;2
2049180;1
;
4020180;
02237;4
04216;1
2002213;4
2003691;4
2003697;2
2003730;4
2003745;5
2003746;3
2003747;2
2007924;1
2020347;1
2041434;4
2046647;2
2046823;2
2046824;4
2046825;1
2046826;4
2047621;2
2047897;1
2047952;1
2048261;2
2048294;2
2300049;1
2300144;1
2300168;1
3002929;4
3002931;2
3002932;4
3003736;1
3010001;1
MONTCPRP0019;1
MONTCPRP0042;3
2034496;4
2003743;1
2049180;1
;
4020181;
02237;2
04216;1
2003738;2
2003740;1
2003741;5
2007918;1
2023731;2
2039738;2
2046642;1
2046819;3
2046820;3
2046821;2
2046822;2
2047621;1
2047866;1
2047931;1
2048261;1
2048294;2
2300082;1
2300142;1
2300166;1
3002925;3
3002932;4
3003737;1
3010001;1
MONTCPRP0021;2
2034870;1
2002716;1
2003687;3
;
4020182;
02237;2
04216;1
2003738;2
2003740;1
2003741;4
2007918;1
2023731;2
2039738;2
2046642;1
2046819;3
2046820;3
2046821;2
2046822;2
2047621;1
2047866;1
2047931;1
2048261;1
2048294;2
2300082;1
2300142;1
2300166;1
3002925;2
3002926;1
3002932;4
3003738;1
3010001;1
MONTCPRP0022;2
2034870;1
2003742;1
2002716;1
2003687;3
;
4020183;
02237;2
04216;1
2003738;2
2003740;1
2003741;4
2003742;1
2007918;1
2023731;2
2039738;2
2046642;1
2046819;3
2046820;3
2046821;2
2046822;2
2047621;1
2047866;1
2047931;1
2048261;1
2048294;2
2300142;1
2300166;1
3002925;2
3002926;1
3002932;4
3003739;1
3010001;1
MONTCPRP0023;2
2034870;1
2300082;1
2002716;1
2003687;3
;
4020184;
02237;2
04216;1
2003693;1
2003738;1
2003739;1
2003741;3
2003742;3
2007919;1
2039738;2
2046642;1
2046819;1
2046820;4
2046821;1
2046822;4
2047621;1
2047866;1
2047932;1
2048261;1
2048294;2
2300082;1
2300142;1
2300166;1
3002925;2
3002926;1
3002932;4
3003740;1
3010001;1
MONTCPRP0001;1
MONTCPRP0024;1
2034870;1
2023731;2
2003687;2
2002717;1
;
4020185;
02237;2
04216;1
2002717;1
2003693;1
2003739;2
2003741;1
2003742;4
2003743;1
2007919;1
2039738;2
2046642;1
2046820;5
2046821;1
2046822;4
2047621;1
2047869;1
2047932;1
2048261;1
2048294;2
2300082;1
2300142;1
2300166;1
3002926;2
3002927;1
3002932;4
3003741;1
3010001;1
MONTCPRP0002;1
MONTCPRP0025;1
2034870;1
2023731;2
2003688;2
;
4020186;
02237;2
04216;1
11929;2
2003694;1
2003741;1
2003742;3
2003743;3
2007920;1
2022750;2
2046642;1
2046820;1
2046821;4
2046822;1
2046823;4
2047621;1
2047869;1
2047934;1
2048261;1
2048294;2
2300082;1
2300142;1
2300166;1
3002926;2
3002927;1
3002932;4
3003742;1
3010001;1
MONTCPRP0003;1
MONTCPRP0026;1
2034870;1
2003688;2
2003739;1
2049180;1
;
4020187;
02237;2
04216;1
11929;2
2003694;1
2003741;1
2003742;3
2003743;3
2007920;1
2022750;2
2046642;1
2046820;1
2046821;4
2046822;1
2046823;4
2047621;1
2047871;1
2047934;1
2048261;1
2048294;2
2300082;1
2300142;1
2300166;1
3002926;2
3002927;1
3002932;4
3003743;1
3010001;1
MONTCPRP0004;1
MONTCPRP0027;1
2034870;1
2003688;2
2003740;1
2049180;1
;
4020188;
02237;2
04216;1
2002211;2
2003694;1
2003728;2
2003741;1
2003743;5
2003744;1
2007921;1
2046643;1
2046820;1
2046821;2
2046822;2
2046823;3
2046824;2
2047621;1
2047870;1
2048261;1
2048294;2
2300082;1
2300142;1
2300166;1
3002927;2
3002928;1
3002932;4
3003744;1
3010001;1
MONTCPRP0005;1
MONTCPRP0028;1
2034870;1
2047936;1
2003689;2
2022569;2
2003740;1
2049180;1
;
4020189;
02237;2
04216;1
2002211;2
2003694;1
2003728;2
2003741;1
2003743;5
2003744;1
2007921;1
2034871;1
2046643;1
2046820;1
2046821;2
2046822;2
2046823;3
2046824;2
2047621;1
2047870;1
2048261;1
2048294;2
2300082;1
2300142;1
2300166;1
3002927;2
3002928;1
3002932;4
3003745;1
3010001;1
MONTCPRP0006;1
MONTCPRP0029;1
2047936;1
2003689;2
2022569;2
2003740;1
2049180;1
;
4020190;
02237;2
04216;1
2002211;2
2003695;1
2003728;2
2003741;2
2003743;3
2003744;2
2003745;1
2007921;1
2034871;1
2046644;1
2046821;3
2046822;2
2046823;1
2046824;4
2047621;1
2047873;1
2048261;1
2048294;2
2300082;1
2300142;1
2300166;1
3002927;2
3002929;1
3002932;4
3003746;1
3010001;1
MONTCPRP0007;1
MONTCPRP0030;1
2047936;1
2003689;2
2022569;2
2049180;1
;
4020191;
02237;3
04216;1
2003694;1
2003741;4
2003742;1
2003743;3
2007920;1
2039738;3
2046642;1
2046820;4
2046821;2
2046822;1
2046823;5
2047621;1
2047879;1
2047938;1
2048115;1
2048261;1
2048294;2
2300143;1
2300167;1
3002925;3
3002927;1
3002932;6
3003747;1
3010001;1
MONTCPRP0001;1
MONTCPRP0024;2
2034870;1
2023731;3
2003687;3
2003739;1
2049180;1
;
4020192;
02237;3
04216;1
2003694;1
2003741;1
2003742;4
2003743;3
2007920;1
2039738;3
2046642;1
2046820;4
2046821;2
2046822;1
2046823;5
2047621;1
2047881;1
2047938;1
2048115;1
2048261;1
2048294;2
2300143;1
2300167;1
3002926;3
3002927;1
3002932;6
3003748;1
3010001;1
MONTCPRP0002;1
MONTCPRP0025;2
2034870;1
2003688;3
2023731;3
2003740;1
2049180;1
;
4020193;
02237;3
04216;1
11929;3
2003694;1
2003741;1
2003742;3
2003743;3
2003744;1
2007921;1
2022750;3
2046643;1
2046820;1
2046821;5
2046823;3
2046824;3
2047621;1
2047880;1
2047940;1
2048115;1
2048261;1
2048294;2
2300143;1
2300167;1
3002926;3
3002928;1
3002932;6
3003749;1
3010001;1
MONTCPRP0003;1
MONTCPRP0026;2
2034870;1
2003688;3
2003740;1
2049180;1
;
4020194;
02237;3
04216;1
11929;3
2003694;1
2003741;2
2003742;3
2003743;3
2003744;1
2007921;1
2022750;3
2046643;1
2046821;6
2046823;3
2046824;3
2047621;1
2047883;1
2047940;1
2048115;1
2048261;1
2048294;2
2300143;1
2300167;1
3002926;3
3002928;1
3002932;6
3003750;1
3010001;1
MONTCPRP0004;1
MONTCPRP0027;2
2034870;1
2003688;3
2049180;1
;
4020195;
02237;3
04216;1
2002211;3
2003695;1
2003741;2
2003743;4
2003744;2
2003745;1
2007921;1
2034871;1
2046644;1
2046821;3
2046822;3
2046823;1
2046824;5
2047621;1
2047884;1
2048115;1
2048261;1
2048294;2
2300143;1
2300167;1
3002927;3
3002929;1
3002932;6
3003751;1
3010001;1
MONTCPRP0005;1
MONTCPRP0028;2
2003689;3
2047947;1
2022569;3
2003728;3
2049180;1
;
4020196;
02237;3
04216;1
2002211;3
2003698;1
2003741;1
2003742;1
2003743;3
2003744;1
2003745;3
2007922;1
2034871;1
2046644;1
2046821;1
2046822;5
2046824;1
2046825;5
2047621;1
2047884;1
2048115;1
2048261;1
2048294;2
2300143;1
2300167;1
3002927;3
3002929;1
3002932;6
3003752;1
3010001;1
MONTCPRP0006;1
MONTCPRP0029;2
2003689;3
2003728;3
2022569;3
2047941;1
2049180;1
;
4020197;
02237;3
04216;1
2002211;3
2003698;1
2003742;2
2003743;3
2003744;1
2003745;3
2007922;1
2034871;1
2046644;1
2046822;6
2046824;1
2046825;5
2047621;1
2047889;1
2048115;1
2048261;1
2048294;2
2300143;1
2300167;1
3002927;3
3002929;1
3002932;6
3003753;1
3010001;1
MONTCPRP0007;1
MONTCPRP0030;2
2003728;3
2047941;1
2003689;3
2022569;3
2049180;1
;
4020198;
02237;3
04216;1
2002211;3
2003698;1
2003742;2
2003744;3
2003745;4
2007923;1
2034872;1
2046645;1
2046822;6
2046825;4
2047621;1
2047890;1
2048115;1
2048261;1
2048294;2
2300143;1
2300167;1
3002928;3
3002929;1
3002932;6
3003754;1
3010001;1
MONTCPRP0014;1
MONTCPRP0037;2
2003690;3
2047942;1
2022569;3
2003728;3
2042060;3
2049180;1
;
4020199;
02237;3
04216;1
2002211;3
2003742;1
2003743;1
2003745;1
2003746;4
2007923;1
2034872;1
2042060;3
2046645;1
2046822;4
2046823;2
2046825;1
2046826;3
2047621;1
2047891;1
2048115;1
2048261;1
2048294;2
2300143;1
2300167;1
3002928;3
3002930;2
3002932;6
3003755;1
3010001;1
MONTCPRP0015;1
MONTCPRP0038;2
2003728;3
2047942;1
2003690;3
2022569;3
2003697;2
2049180;1
2003744;3
;
4020200;
02237;3
04216;1
2002211;3
2003691;3
2003697;2
2003728;3
2003742;1
2003743;1
2003745;4
2003746;4
2007923;1
2034872;1
2042060;3
2046646;1
2046822;4
2046823;2
2046825;1
2046826;2
2047621;1
2047888;1
2048115;1
2048261;1
2048294;2
2300143;1
2300167;1
3002929;3
3002930;2
3002932;6
3003756;1
3010001;1
MONTCPRP0016;1
MONTCPRP0039;2
2047942;1
2022569;3
2049180;1
;
4020201;
02237;3
04216;1
2002211;3
2003691;3
2003697;2
2003728;3
2003743;2
2003745;4
2003746;4
2007923;1
2034872;1
2042060;3
2046646;1
2046822;3
2046823;3
2046825;1
2046826;2
2047621;2
2047892;1
2048115;1
2048261;1
2048294;2
2300143;1
2300167;1
3002929;3
3002930;2
3002932;3
3003757;1
3010001;1
MONTCPRP0017;1
MONTCPRP0040;2
2022569;3
2047942;1
2049180;1
;
4020202;
02237;4
04216;1
2002211;4
2003697;2
2003728;4
2003742;1
2003743;1
2003744;4
2003745;1
2003746;4
2007923;1
2034872;1
2046645;1
2046822;5
2046823;2
2046825;1
2046826;3
2047621;2
2047894;1
2048261;1
2048294;2
2300049;1
2300144;1
2300168;1
3002928;4
3002930;2
3002932;4
3003758;1
3010001;1
MONTCPRP0014;1
MONTCPRP0037;3
2047953;1
2042060;4
2022569;4
2003690;4
2049180;1
;
4020203;
02237;4
04216;1
2002211;4
2003697;2
2003728;4
2003742;1
2003743;1
2003744;4
2003745;1
2003746;4
2007923;1
2034872;1
2042060;4
2046646;1
2046822;5
2046823;2
2046825;1
2046826;2
2047621;2
2047894;1
2048261;1
2048294;2
2300049;1
2300144;1
2300168;1
3002928;4
3002930;2
3002932;4
3003759;1
3010001;1
MONTCPRP0015;1
MONTCPRP0038;3
2003690;4
2047953;1
2022569;4
2049180;1
;
4020204;
02237;4
04216;1
2002211;4
2003691;4
2003700;2
2003728;4
2003743;1
2003744;1
2003745;4
2003746;1
2003747;4
2007924;1
2020347;1
2041434;5
2046822;4
2046823;1
2046824;2
2046826;1
2046827;2
2047214;1
2047621;2
2047895;1
2047950;1
2048261;1
2048294;2
2300049;1
2300144;1
2300168;1
3002929;4
3002931;2
3002932;4
3003760;1
3010001;1
MONTCPRP0016;1
MONTCPRP0039;3
2022569;4
2049180;1
;
4020205;
02237;4
04216;1
2002211;4
2003691;4
2003700;2
2003728;4
2003743;1
2003744;1
2003745;4
2003746;1
2003747;4
2007924;1
2020347;1
2041434;5
2046822;4
2046823;1
2046824;2
2046826;1
2046827;2
2047214;1
2047621;2
2047897;1
2047950;1
2048261;1
2048294;2
2300049;1
2300144;1
2300168;1
3002929;4
3002931;2
3002932;4
3003761;1
3010001;1
MONTCPRP0017;1
MONTCPRP0040;3
2022569;4
2049180;1
;
4020206;
02237;2
04216;1
2003738;2
2003740;3
2003741;2
2003743;1
2007918;1
2039738;2
2046642;1
2046819;3
2046820;5
2046822;2
2047621;1
2047866;1
2047931;1
2048261;1
2048294;2
2300082;1
2300142;1
2300166;1
3002925;2
3002927;1
3002932;4
3003762;1
3010001;1
MONTCPRP0001;1
MONTCPRP0024;1
2034870;1
2023731;2
2002716;1
2003687;3
;
4020207;
02237;2
04216;1
2003738;2
2003741;3
2003742;2
2003743;1
2007919;1
2039738;2
2046642;1
2046819;3
2046820;2
2046821;3
2046822;2
2047621;1
2047869;1
2047932;1
2048261;1
2048294;2
2300082;1
2300142;1
2300166;1
3002926;2
3002927;1
3002932;4
3003763;1
3010001;1
MONTCPRP0002;1
MONTCPRP0025;1
2034870;1
2003688;2
2023731;2
2002716;1
2003687;1
;
4020208;
02237;2
04216;1
11929;2
2003738;2
2003741;2
2003742;3
2003743;1
2007920;1
2022750;2
2046642;1
2046819;3
2046821;4
2046822;1
2046823;2
2047621;1
2047869;1
2047934;1
2048261;1
2048294;2
2300142;1
2300166;1
3002926;2
3002927;1
3002932;4
3003764;1
3010001;1
MONTCPRP0003;1
MONTCPRP0026;1
2034870;1
2300082;1
2003688;2
2002716;1
2003687;1
;
4020209;
02237;2
04216;1
11929;2
2002717;1
2003693;1
2003740;1
2003742;5
2003743;1
2007920;1
2022750;2
2046642;1
2046820;3
2046821;2
2046822;3
2046823;2
2047621;1
2047871;1
2047934;1
2048261;1
2048294;2
2300082;1
2300142;1
2300166;1
3002926;2
3002927;1
3002932;4
3003765;1
3010001;1
MONTCPRP0004;1
MONTCPRP0027;1
2034870;1
2003688;2
2003739;1
;
4020210;
02237;2
04216;1
2002211;2
2002717;1
2003693;1
2003728;2
2003740;1
2003742;2
2003743;3
2003744;1
2007921;1
2034871;1
2046642;1
2046820;3
2046822;4
2046823;1
2046824;2
2047621;1
2047870;1
2048261;1
2048294;2
2300082;1
2300142;1
2300166;1
3002927;2
3002928;1
3002932;4
3003766;1
3010001;1
MONTCPRP0005;1
MONTCPRP0028;1
2047936;1
2003689;2
2022569;2
2003739;1
;
4020211;
02237;2
04216;1
2002211;2
2002717;1
2003693;1
2003728;2
2003740;1
2003742;2
2003743;3
2003744;1
2007921;1
2034871;1
2046642;1
2046820;3
2046822;4
2046823;1
2046824;2
2047621;1
2047872;1
2048261;1
2048294;2
2300082;1
2300142;1
2300166;1
3002927;2
3002928;1
3002932;4
3003767;1
3010001;1
MONTCPRP0006;1
MONTCPRP0029;1
2047936;1
2022569;2
2003689;2
2003739;1
;
4020212;
02237;2
04216;1
2002211;2
2003694;1
2003728;2
2003741;1
2003743;5
2003744;1
2007921;1
2034871;1
2046643;1
2046820;1
2046821;2
2046822;2
2046823;3
2046824;2
2047621;1
2047873;1
2048261;1
2048294;2
2300082;1
2300142;1
2300166;1
3002927;2
3002928;1
3002932;4
3003768;1
3010001;1
MONTCPRP0007;1
MONTCPRP0030;1
2047936;1
2003689;2
2022569;2
2003740;1
2049180;1
;
4020213;
02237;2
04216;1
2002211;2
2003694;1
2003728;2
2003741;1
2003743;3
2003744;2
2007921;1
2034871;1
2046643;1
2046820;1
2046821;2
2046822;2
2046823;3
2047621;1
2047874;1
2048261;1
2048294;2
2300082;1
2300142;1
2300166;1
3002928;2
3002929;1
3002932;4
3003769;1
3010001;1
MONTCPRP0014;1
MONTCPRP0037;1
2047936;1
2046824;2
2003690;2
2022569;2
2003745;1
2003740;1
2049180;1
;
4020214;
02237;2
04216;1
2002211;2
2003694;1
2003728;2
2003741;1
2003743;2
2003744;3
2007922;1
2034871;1
2046643;1
2046820;1
2046821;2
2046822;2
2046823;2
2046824;1
2046825;2
2047621;1
2047875;1
2048261;1
2048294;2
2300082;1
2300142;1
2300166;1
3002928;2
3002929;1
3002932;4
3003770;1
3010001;1
MONTCPRP0015;1
MONTCPRP0038;1
2047937;1
2003690;2
2022569;2
2003745;1
2003740;1
2049180;1
;
4020215;
02237;2
04216;1
2002211;2
2003691;2
2003695;1
2003728;2
2003741;2
2003744;3
2003745;3
2007922;1
2034871;1
2046644;1
2046821;3
2046822;2
2046824;3
2046825;2
2047621;1
2047876;1
2048261;1
2048294;2
2300142;1
2300166;1
3002929;3
3002932;4
3003771;1
3010001;1
MONTCPRP0016;1
MONTCPRP0039;1
2047937;1
2300082;1
2022569;2
2049180;1
;
4020216;
02237;3
04216;1
11929;3
2002717;1
2003693;1
2003740;1
2003742;6
2003744;1
2007920;1
2022750;3
2046642;1
2046820;3
2046821;3
2046822;3
2046823;3
2047621;1
2047880;1
2047944;1
2048115;1
2048261;1
2048294;2
2300143;1
2300167;1
3002926;3
3002928;1
3002932;6
3003772;1
3010001;1
MONTCPRP0003;1
MONTCPRP0026;2
2034870;1
2003688;3
2003739;1
;
4020217;
02237;3
04216;1
11929;3
2002717;1
2003693;1
2003740;1
2003742;6
2003744;1
2007920;1
2022750;3
2046642;1
2046820;3
2046821;3
2046822;3
2046823;3
2047621;1
2047883;1
2047944;1
2048115;1
2048261;1
2048294;2
2300143;1
2300167;1
3002926;3
3002928;1
3002932;6
3003773;1
3010001;1
MONTCPRP0004;1
MONTCPRP0027;2
2034870;1
2003688;3
2003739;1
;
4020218;
02237;3
04216;1
2002211;3
2003694;1
2003728;3
2003741;1
2003743;6
2003745;1
2007921;1
2034871;1
2046643;1
2046820;1
2046821;2
2046822;3
2046823;3
2046824;3
2047621;1
2047882;1
2048115;1
2048261;1
2048294;2
2300143;1
2300167;1
3002927;3
3002929;1
3002932;6
3003774;1
3010001;1
MONTCPRP0005;1
MONTCPRP0028;2
2003689;3
2047947;1
2022569;3
2003740;1
2049180;1
;
4020219;
02237;3
04216;1
2002211;3
2003694;1
2003728;3
2003741;1
2003743;6
2003745;1
2007921;1
2034871;1
2046643;1
2046820;1
2046821;2
2046822;3
2046823;3
2046824;3
2047621;1
2047884;1
2048115;1
2048261;1
2048294;2
2300143;1
2300167;1
3002927;3
3002929;1
3002932;6
3003775;1
3010001;1
MONTCPRP0006;1
MONTCPRP0029;2
2047947;1
2003689;3
2022569;3
2003740;1
2049180;1
;
4020220;
02237;3
04216;1
2002211;3
2003694;1
2003728;3
2003741;2
2003743;5
2003744;1
2007922;1
2034871;1
2046643;1
2046821;3
2046822;3
2046823;2
2046824;1
2046825;3
2047621;1
2047889;1
2048115;1
2048261;1
2048294;2
2300143;1
2300167;1
3002927;3
3002929;1
3002932;6
3003776;1
3010001;1
MONTCPRP0007;1
MONTCPRP0030;2
2003689;3
2047941;1
2022569;3
2003745;1
2049180;1
;
4020221;
02237;3
04216;1
2002211;3
2003695;1
2003728;3
2003741;2
2003744;6
2007922;1
2034871;1
2046644;1
2046821;3
2046822;3
2046824;3
2046825;3
2047621;1
2047890;1
2048115;1
2048261;1
2048294;2
2300143;1
2300167;1
3002928;3
3002929;1
3002932;6
3003777;1
3010001;1
MONTCPRP0014;1
MONTCPRP0037;2
2047941;1
2003690;3
2022569;3
2003745;1
2049180;1
;
4020222;
02237;3
04216;1
2002211;3
2003695;1
2003728;3
2003741;1
2003744;6
2003746;1
2007922;1
2034871;1
2046644;1
2046820;1
2046821;2
2046822;3
2046824;3
2046825;3
2047621;1
2047886;1
2048115;1
2048261;1
2048294;2
2300143;1
2300167;1
3002928;3
3002930;1
3002932;6
3003778;1
3010001;1
MONTCPRP0015;1
MONTCPRP0038;2
2003690;3
2047941;1
2022569;3
2003740;1
2049180;1
;
4020223;
02237;3
04216;1
2002211;3
2003691;3
2003698;1
2003728;3
2003742;1
2003745;6
2003746;2
2007923;1
2034872;1
2042060;3
2046644;1
2046820;1
2046822;5
2046825;3
2047621;1
2047888;1
2048115;1
2048261;1
2048294;2
2300143;1
2300167;1
3002929;3
3002930;2
3002932;6
3003779;1
3010001;1
MONTCPRP0016;1
MONTCPRP0039;2
2047942;1
2022569;3
2003740;1
2049180;1
;
4020224;
02237;3
04216;1
2002211;3
2003691;3
2003698;1
2003728;3
2003742;1
2003745;6
2003746;2
2007923;1
2034872;1
2046645;1
2046820;1
2046822;5
2046825;4
2047621;2
2047887;1
2048115;1
2048261;1
2048294;2
2300143;1
2300167;1
3002929;3
3002930;2
3002932;3
3003780;1
3010001;1
MONTCPRP0017;1
MONTCPRP0040;2
2022569;3
2047942;1
2042060;3
2003740;1
2049180;1
;
4020225;
02237;3
04216;1
2002212;3
2003691;3
2003698;1
2003741;1
2003742;1
2003745;5
2003746;3
2007924;1
2020347;1
2022570;3
2041434;3
2046646;1
2046821;1
2046822;2
2046823;3
2046825;2
2046826;1
2047621;2
2047887;1
2047945;1
2048115;1
2048261;1
2048294;2
22994;3
2300143;1
2300167;1
3002929;3
3002930;2
3002932;3
3003781;1
3010001;1
MONTCPRP0018;1
MONTCPRP0041;2
2049180;1
;
4020226;
02237;3
04216;1
2002213;3
2003691;3
2003730;3
2003741;1
2003743;1
2003745;3
2003746;3
2003747;2
2007924;1
2020347;1
2041434;3
2046646;1
2046821;1
2046823;2
2046824;3
2046826;3
2047621;2
2047892;1
2048115;1
2048261;1
2048294;2
2300143;1
2300167;1
3002929;3
3002931;2
3002932;3
3003782;1
3010001;1
MONTCPRP0019;1
MONTCPRP0042;2
2047946;1
2034496;3
2003697;2
2049180;1
;
4020227;
02237;4
04216;1
2002211;4
2003691;4
2003698;1
2003728;4
2003742;1
2003745;7
2003746;2
2007923;1
2034872;1
2046645;1
2046820;1
2046822;6
2046825;4
2047621;2
2047895;1
2048261;1
2048294;2
2300049;1
2300144;1
2300168;1
3002929;4
3002930;2
3002932;4
3003783;1
3010001;1
MONTCPRP0016;1
MONTCPRP0039;3
2047953;1
2022569;4
2042060;4
2003740;1
2049180;1
;
4020228;
02237;4
04216;1
2002211;4
2003691;4
2003728;4
2003741;1
2003743;1
2003745;4
2003746;3
2003747;2
2007924;1
2020347;1
2046645;1
2046821;1
2046822;4
2046823;2
2046826;4
2047621;2
2047897;1
2047950;1
2048261;1
2048294;2
2300049;1
2300144;1
2300168;1
3002929;4
3002931;2
3002932;4
3003784;1
3010001;1
MONTCPRP0017;1
MONTCPRP0040;3
2041434;4
2022569;4
2003697;2
2049180;1
;
4020229;
02237;4
04216;1
2002212;4
2003691;4
2003741;1
2003743;1
2003745;4
2003746;3
2003747;2
2007924;1
2020347;1
2022570;4
2041434;4
2046821;1
2046823;6
2046826;4
2047214;1
2047621;2
2047897;1
2047951;1
2048261;1
2048294;2
22994;4
2300049;1
2300144;1
2300168;1
3002929;4
3002931;2
3002932;4
3003785;1
3010001;1
MONTCPRP0018;1
MONTCPRP0041;3
2003697;2
2049180;1
;
4020230;
02237;4
04216;1
2002213;4
2003691;4
2003730;4
2003742;1
2003743;1
2003745;4
2003746;3
2003747;2
2007924;1
2020347;1
2041434;4
2046822;1
2046823;2
2046824;4
2046826;4
2047214;1
2047621;2
2047897;1
2047952;1
2048261;1
2048294;2
2300049;1
2300144;1
2300168;1
3002929;4
3002931;2
3002932;4
3003786;1
3010001;1
MONTCPRP0019;1
MONTCPRP0042;3
2034496;4
2003697;2
2049180;1
;
4020231;
02237;2
04216;1
2003692;1
2003738;2
2003740;3
2003741;2
2003743;1
2007918;1
2023731;2
2039738;2
2046643;1
2046819;3
2046820;5
2046822;2
2047621;1
2047866;1
2047931;1
2048261;1
2048294;2
2300082;1
2300142;1
2300166;1
3002925;2
3002927;1
3002932;4
3003787;1
3010001;1
MONTCPRP0022;2
2034870;1
2003687;2
2002716;1
;
4020232;
02237;2
04216;1
2003692;1
2003738;2
2003740;3
2003741;2
2003743;1
2007918;1
2023731;2
2039738;2
2046642;1
2046819;3
2046820;5
2046822;2
2047621;1
2047866;1
2047931;1
2048261;1
2048294;2
2300082;1
2300142;1
2300166;1
3002925;2
3002927;1
3002932;4
3003788;1
3010001;1
MONTCPRP0023;2
2034870;1
2003687;2
2002716;1
;
4020233;
02237;2
04216;1
2003692;1
2003738;2
2003740;3
2003741;2
2003743;1
2007918;1
2039738;2
2046642;1
2046819;3
2046820;5
2046822;2
2047621;1
2047866;1
2047931;1
2048261;1
2048294;2
2300142;1
2300166;1
3002925;2
3002927;1
3002932;4
3003789;1
3010001;1
MONTCPRP0001;1
MONTCPRP0024;1
2034870;1
2003687;2
2300082;1
2023731;2
2002716;1
;
4020234;
02237;2
04216;1
2003692;1
2003738;2
2003740;1
2003741;2
2003742;2
2003743;1
2007918;1
2039738;2
2046643;1
2046819;3
2046820;3
2046821;2
2046822;2
2047621;1
2047867;1
2047931;1
2048261;1
2048294;2
2300082;1
2300142;1
2300166;1
3002926;2
3002927;1
3002932;4
3003790;1
3010001;1
MONTCPRP0002;1
MONTCPRP0025;1
2034870;1
2003688;2
2023731;2
2002716;1
;
4020235;
02237;2
04216;1
11929;2
2003692;1
2003738;1
2003741;3
2003742;2
2003744;1
2007919;1
2022750;2
2046643;1
2046819;2
2046820;1
2046821;6
2046822;2
2047621;1
2047869;1
2047932;1
2048261;1
2048294;2
2300082;1
2300142;1
2300166;1
3002926;2
3002928;1
3002932;4
3003791;1
3010001;1
MONTCPRP0003;1
MONTCPRP0026;1
2034870;1
2003688;2
2002716;1
2003739;1
;
4020236;
02237;2
04216;1
11929;2
2003692;1
2003738;1
2003741;2
2003742;3
2003745;1
2007920;1
2022750;2
2046643;1
2046819;2
2046820;1
2046821;5
2046822;1
2046823;2
2047621;1
2047871;1
2047934;1
2048261;1
2048294;2
2300142;1
2300166;1
3002926;2
3002929;1
3002932;4
3003792;1
3010001;1
MONTCPRP0004;1
MONTCPRP0027;1
2034870;1
2300082;1
2003688;2
2002716;1
2003739;1
;
4020237;
02237;2
04216;1
2002211;2
2003693;1
2003728;2
2003739;1
2003742;3
2003743;2
2003745;1
2007920;1
2046644;1
2046820;3
2046822;5
2046823;2
2047621;1
2047872;1
2048261;1
2048294;2
2300082;1
2300142;1
2300166;1
3002927;2
3002929;1
3002932;4
3003793;1
3010001;1
MONTCPRP0005;1
MONTCPRP0028;1
2034870;1
2047934;1
2003689;2
2022569;2
2003740;1
2002717;1
;
4020238;
02237;2
04216;1
2002211;2
2003693;1
2003728;2
2003739;1
2003742;2
2003743;3
2003745;1
2007921;1
2046644;1
2046820;3
2046822;4
2046823;1
2046824;2
2047621;1
2047872;1
2048261;1
2048294;2
2300082;1
2300142;1
2300166;1
3002927;2
3002929;1
3002932;4
3003794;1
3010001;1
MONTCPRP0006;1
MONTCPRP0029;1
2034870;1
2047936;1
2003689;2
2022569;2
2003740;1
2002717;1
;
4020239;
02237;2
04216;1
2002211;2
2002717;1
2003693;1
2003728;2
2003739;1
2003742;2
2003743;3
2007921;1
2046645;1
2046820;3
2046822;5
2046823;1
2046824;2
2047621;1
2047872;1
2048261;1
2048294;2
2300082;1
2300142;1
2300166;1
3002927;2
3002929;1
3002932;4
3003795;1
3010001;1
MONTCPRP0007;1
MONTCPRP0030;1
2034870;1
2047936;1
2022569;2
2003689;2
2003745;1
2003740;1
;
4020240;
02237;2
04216;1
2002211;2
2003694;1
2003728;2
2003740;1
2003741;1
2003743;3
2003744;2
2003746;1
2007921;1
2034871;1
2046645;1
2046820;2
2046821;1
2046822;2
2046823;4
2047621;1
2047874;1
2048261;1
2048294;2
2300082;1
2300142;1
2300166;1
3002928;2
3002930;1
3002932;4
3003796;1
3010001;1
MONTCPRP0014;1
MONTCPRP0037;1
2047936;1
2046824;2
2003690;2
2022569;2
2049180;1
;
4020241;
02237;3
04216;1
2002716;1
2003692;1
2003738;1
2003741;6
2003743;1
2007919;1
2039738;3
2046643;1
2046819;2
2046820;4
2046821;3
2046822;3
2047621;1
2047877;1
2047948;1
2048115;1
2048261;1
2048294;2
2300143;1
2300167;1
3002925;3
3002927;1
3002932;6
3003797;1
3010001;1
MONTCPRP0001;1
MONTCPRP0024;2
2034870;1
2003687;3
2023731;3
2003739;1
;
4020242;
02237;3
04216;1
2002716;1
2003692;1
2003738;1
2003741;3
2003742;3
2003743;1
2007919;1
2039738;3
2046643;1
2046819;2
2046820;4
2046821;3
2046822;3
2047621;1
2047878;1
2047948;1
2048115;1
2048261;1
2048294;2
2300143;1
2300167;1
3002926;3
3002927;1
3002932;6
3003798;1
3010001;1
MONTCPRP0002;1
MONTCPRP0025;2
2034870;1
2023731;3
2003688;3
2003739;1
;
4020243;
02237;3
04216;1
11929;3
2002717;1
2003693;1
2003739;1
2003742;6
2003744;1
2007920;1
2022750;3
2046644;1
2046820;3
2046821;3
2046822;3
2046823;3
2047621;1
2047880;1
2047944;1
2048115;1
2048261;1
2048294;2
2300143;1
2300167;1
3002926;3
3002928;1
3002932;6
3003799;1
3010001;1
MONTCPRP0003;1
MONTCPRP0026;2
2034870;1
2003688;3
2003740;1
;
4020244;
02237;3
04216;1
11929;3
2002717;1
2003693;1
2003739;1
2003742;6
2003745;1
2007920;1
2022750;3
2046644;1
2046820;3
2046821;3
2046822;3
2046823;3
2047621;1
2047881;1
2047944;1
2048115;1
2048261;1
2048294;2
2300143;1
2300167;1
3002926;3
3002929;1
3002932;6
3003800;1
3010001;1
MONTCPRP0004;1
MONTCPRP0027;2
2034870;1
2003688;3
2003740;1
;
4020245;
02237;3
04216;1
2002211;3
2003694;1
2003728;3
2003740;1
2003741;1
2003743;6
2003746;1
2007921;1
2034871;1
2046645;1
2046820;2
2046821;1
2046822;3
2046823;4
2046824;3
2047621;1
2047884;1
2048115;1
2048261;1
2048294;2
2300143;1
2300167;1
3002927;3
3002930;1
3002932;6
3003801;1
3010001;1
MONTCPRP0005;1
MONTCPRP0028;2
2022569;3
2003689;3
2047947;1
2049180;1
;
4020246;
02237;3
04216;1
2002211;3
2003694;1
2003728;3
2003740;1
2003741;1
2003743;6
2003746;1
2007921;1
2034871;1
2046645;1
2046820;2
2046821;1
2046822;3
2046823;4
2046824;3
2047621;1
2047884;1
2048115;1
2048261;1
2048294;2
2300143;1
2300167;1
3002927;3
3002930;1
3002932;6
3003802;1
3010001;1
MONTCPRP0006;1
MONTCPRP0029;2
2047947;1
2003689;3
2022569;3
2049180;1
;
4020247;
02237;3
04216;1
2002211;3
2003694;1
2003728;3
2003740;1
2003741;1
2003743;6
2003746;1
2007921;1
2034871;1
2046646;1
2046820;2
2046821;1
2046822;3
2046823;4
2046824;3
2047621;1
2047884;1
2048115;1
2048261;1
2048294;2
2300143;1
2300167;1
3002927;3
3002930;1
3002932;6
3003803;1
3010001;1
MONTCPRP0007;1
MONTCPRP0030;2
2022569;3
2047947;1
2003689;3
2049180;1
;
4020248;
02237;3
04216;1
2002211;3
2003695;1
2003728;3
2003741;1
2003742;1
2003743;1
2003744;5
2003747;1
2007921;1
2034872;1
2046821;2
2046822;4
2046823;1
2046824;6
2047214;1
2047621;1
2047890;1
2048115;1
2048261;1
2048294;2
2300143;1
2300167;1
3002928;3
3002931;1
3002932;6
3003804;1
3010001;1
MONTCPRP0014;1
MONTCPRP0037;2
2047947;1
2003690;3
2022569;3
2049180;1
;
4020249;
02237;3
04216;1
2002211;3
2003695;1
2003728;3
2003741;1
2003742;1
2003743;1
2003744;5
2003747;1
2007921;1
2034872;1
2046821;2
2046822;4
2046823;1
2046824;6
2047214;1
2047621;1
2047890;1
2048115;1
2048261;1
2048294;2
2300143;1
2300167;1
3002928;3
3002931;1
3002932;6
3003805;1
3010001;1
MONTCPRP0015;1
MONTCPRP0038;2
2047947;1
2022569;3
2003690;3
2049180;1
;
4020250;
02237;3
04216;1
2002211;3
2003691;3
2003698;1
2003728;3
2003742;2
2003744;1
2003745;5
2003747;1
2007922;1
2034872;1
2046647;1
2046822;6
2046824;1
2046825;5
2047621;1
2047893;1
2048115;1
2048261;1
2048294;2
2300143;1
2300167;1
3002929;3
3002931;1
3002932;6
3003806;1
3010001;1
MONTCPRP0016;1
MONTCPRP0039;2
2047941;1
2022569;3
2049180;1
;
4020251;
02237;3
04216;1
2002211;3
2003691;3
2003698;1
2003728;3
2003742;2
2003745;5
2003746;2
2007922;1
2034872;1
2046647;1
2046822;6
2046824;1
2046825;6
2047621;2
2047887;1
2048115;1
2048261;1
2048294;2
2300143;1
2300167;1
3002929;3
3002930;2
3002932;3
3003807;1
3010001;1
MONTCPRP0017;1
MONTCPRP0040;2
2047941;1
2022569;3
2049180;1
2003744;1
;
4020252;
02237;3
04216;1
2002212;3
2003691;3
2003698;1
2003742;2
2003744;1
2003745;5
2003746;2
2007922;1
2022570;3
2034872;1
2046648;1
2046822;3
2046823;3
2046824;1
2046825;6
2047621;2
2047887;1
2048115;1
2048261;1
2048294;2
22994;3
2300143;1
2300167;1
3002929;3
3002930;2
3002932;3
3003808;1
3010001;1
MONTCPRP0018;1
MONTCPRP0041;2
2047949;1
2049180;1
;
4020253;
02237;4
04216;1
2002211;4
2003698;1
2003728;4
2003742;2
2003744;5
2003745;2
2003746;2
2007922;1
2022569;4
2034872;1
2046647;1
2046822;7
2046824;1
2046825;6
2047621;2
2047894;1
2047954;1
2048261;1
2048294;2
2300049;1
2300144;1
2300168;1
3002928;4
3002930;2
3002932;4
3003809;1
3010001;1
MONTCPRP0018;1
MONTCPRP0041;3
2003690;4
2049180;1
;
4020254;
02237;4
04216;1
2002211;4
2003691;4
2003700;1
2003742;1
2003743;1
2003744;1
2003745;6
2003747;2
2007922;1
2034872;1
2046648;1
2046822;6
2046823;1
2046824;1
2046825;7
2047621;2
2047897;1
2048261;1
2048294;2
2300049;1
2300144;1
2300168;1
3002929;4
3002931;2
3002932;4
3003810;1
3010001;1
MONTCPRP0016;1
MONTCPRP0039;3
2003728;4
2047954;1
2022569;4
2049180;1
;
4020255;
02237;4
04216;1
2002211;4
2003700;1
2003728;4
2003743;1
2003745;7
2003747;2
2007923;1
2020346;1
2042060;4
2046648;1
2046822;6
2046823;1
2046825;4
2047621;2
2047897;1
2048261;1
2048294;2
2300049;1
2300144;1
2300168;1
3002929;4
3002931;2
3003811;1
3010001;1
MONTCPRP0017;1
MONTCPRP0040;3
2047953;1
2022569;4
2003691;4
3002932;4
2003742;1
2049180;1
;
4020256;
02237;4
04216;1
2002212;4
2003691;4
2003700;1
2003743;1
2003745;7
2003747;2
2007923;1
2020346;1
2022570;4
2042060;4
2046647;2
2046822;2
2046823;5
2046825;4
2047621;2
2047897;1
2047955;1
2048261;2
2048294;2
22994;4
2300049;1
2300144;1
2300168;1
3002929;4
3002931;2
3002932;4
3003812;1
3010001;1
MONTCPRP0018;1
MONTCPRP0041;3
2003742;1
2049180;1
;
